1089		3136		2048
0.000000	0.000000	1
0.031250	0.000000	1
0.062500	0.000000	1
0.093750	0.000000	1
0.125000	0.000000	1
0.156250	0.000000	1
0.187500	0.000000	1
0.218750	0.000000	1
0.250000	0.000000	1
0.281250	0.000000	1
0.312500	0.000000	1
0.343750	0.000000	1
0.375000	0.000000	1
0.406250	0.000000	1
0.437500	0.000000	1
0.468750	0.000000	1
0.500000	0.000000	1
0.531250	0.000000	1
0.562500	0.000000	1
0.593750	0.000000	1
0.625000	0.000000	1
0.656250	0.000000	1
0.687500	0.000000	1
0.718750	0.000000	1
0.750000	0.000000	1
0.781250	0.000000	1
0.812500	0.000000	1
0.843750	0.000000	1
0.875000	0.000000	1
0.906250	0.000000	1
0.937500	0.000000	1
0.968750	0.000000	1
1.000000	0.000000	1
0.000000	0.031250	1
0.031250	0.031250	0
0.062500	0.031250	0
0.093750	0.031250	0
0.125000	0.031250	0
0.156250	0.031250	0
0.187500	0.031250	0
0.218750	0.031250	0
0.250000	0.031250	0
0.281250	0.031250	0
0.312500	0.031250	0
0.343750	0.031250	0
0.375000	0.031250	0
0.406250	0.031250	0
0.437500	0.031250	0
0.468750	0.031250	0
0.500000	0.031250	0
0.531250	0.031250	0
0.562500	0.031250	0
0.593750	0.031250	0
0.625000	0.031250	0
0.656250	0.031250	0
0.687500	0.031250	0
0.718750	0.031250	0
0.750000	0.031250	0
0.781250	0.031250	0
0.812500	0.031250	0
0.843750	0.031250	0
0.875000	0.031250	0
0.906250	0.031250	0
0.937500	0.031250	0
0.968750	0.031250	0
1.000000	0.031250	1
0.000000	0.062500	1
0.031250	0.062500	0
0.062500	0.062500	0
0.093750	0.062500	0
0.125000	0.062500	0
0.156250	0.062500	0
0.187500	0.062500	0
0.218750	0.062500	0
0.250000	0.062500	0
0.281250	0.062500	0
0.312500	0.062500	0
0.343750	0.062500	0
0.375000	0.062500	0
0.406250	0.062500	0
0.437500	0.062500	0
0.468750	0.062500	0
0.500000	0.062500	0
0.531250	0.062500	0
0.562500	0.062500	0
0.593750	0.062500	0
0.625000	0.062500	0
0.656250	0.062500	0
0.687500	0.062500	0
0.718750	0.062500	0
0.750000	0.062500	0
0.781250	0.062500	0
0.812500	0.062500	0
0.843750	0.062500	0
0.875000	0.062500	0
0.906250	0.062500	0
0.937500	0.062500	0
0.968750	0.062500	0
1.000000	0.062500	1
0.000000	0.093750	1
0.031250	0.093750	0
0.062500	0.093750	0
0.093750	0.093750	0
0.125000	0.093750	0
0.156250	0.093750	0
0.187500	0.093750	0
0.218750	0.093750	0
0.250000	0.093750	0
0.281250	0.093750	0
0.312500	0.093750	0
0.343750	0.093750	0
0.375000	0.093750	0
0.406250	0.093750	0
0.437500	0.093750	0
0.468750	0.093750	0
0.500000	0.093750	0
0.531250	0.093750	0
0.562500	0.093750	0
0.593750	0.093750	0
0.625000	0.093750	0
0.656250	0.093750	0
0.687500	0.093750	0
0.718750	0.093750	0
0.750000	0.093750	0
0.781250	0.093750	0
0.812500	0.093750	0
0.843750	0.093750	0
0.875000	0.093750	0
0.906250	0.093750	0
0.937500	0.093750	0
0.968750	0.093750	0
1.000000	0.093750	1
0.000000	0.125000	1
0.031250	0.125000	0
0.062500	0.125000	0
0.093750	0.125000	0
0.125000	0.125000	0
0.156250	0.125000	0
0.187500	0.125000	0
0.218750	0.125000	0
0.250000	0.125000	0
0.281250	0.125000	0
0.312500	0.125000	0
0.343750	0.125000	0
0.375000	0.125000	0
0.406250	0.125000	0
0.437500	0.125000	0
0.468750	0.125000	0
0.500000	0.125000	0
0.531250	0.125000	0
0.562500	0.125000	0
0.593750	0.125000	0
0.625000	0.125000	0
0.656250	0.125000	0
0.687500	0.125000	0
0.718750	0.125000	0
0.750000	0.125000	0
0.781250	0.125000	0
0.812500	0.125000	0
0.843750	0.125000	0
0.875000	0.125000	0
0.906250	0.125000	0
0.937500	0.125000	0
0.968750	0.125000	0
1.000000	0.125000	1
0.000000	0.156250	1
0.031250	0.156250	0
0.062500	0.156250	0
0.093750	0.156250	0
0.125000	0.156250	0
0.156250	0.156250	0
0.187500	0.156250	0
0.218750	0.156250	0
0.250000	0.156250	0
0.281250	0.156250	0
0.312500	0.156250	0
0.343750	0.156250	0
0.375000	0.156250	0
0.406250	0.156250	0
0.437500	0.156250	0
0.468750	0.156250	0
0.500000	0.156250	0
0.531250	0.156250	0
0.562500	0.156250	0
0.593750	0.156250	0
0.625000	0.156250	0
0.656250	0.156250	0
0.687500	0.156250	0
0.718750	0.156250	0
0.750000	0.156250	0
0.781250	0.156250	0
0.812500	0.156250	0
0.843750	0.156250	0
0.875000	0.156250	0
0.906250	0.156250	0
0.937500	0.156250	0
0.968750	0.156250	0
1.000000	0.156250	1
0.000000	0.187500	1
0.031250	0.187500	0
0.062500	0.187500	0
0.093750	0.187500	0
0.125000	0.187500	0
0.156250	0.187500	0
0.187500	0.187500	0
0.218750	0.187500	0
0.250000	0.187500	0
0.281250	0.187500	0
0.312500	0.187500	0
0.343750	0.187500	0
0.375000	0.187500	0
0.406250	0.187500	0
0.437500	0.187500	0
0.468750	0.187500	0
0.500000	0.187500	0
0.531250	0.187500	0
0.562500	0.187500	0
0.593750	0.187500	0
0.625000	0.187500	0
0.656250	0.187500	0
0.687500	0.187500	0
0.718750	0.187500	0
0.750000	0.187500	0
0.781250	0.187500	0
0.812500	0.187500	0
0.843750	0.187500	0
0.875000	0.187500	0
0.906250	0.187500	0
0.937500	0.187500	0
0.968750	0.187500	0
1.000000	0.187500	1
0.000000	0.218750	1
0.031250	0.218750	0
0.062500	0.218750	0
0.093750	0.218750	0
0.125000	0.218750	0
0.156250	0.218750	0
0.187500	0.218750	0
0.218750	0.218750	0
0.250000	0.218750	0
0.281250	0.218750	0
0.312500	0.218750	0
0.343750	0.218750	0
0.375000	0.218750	0
0.406250	0.218750	0
0.437500	0.218750	0
0.468750	0.218750	0
0.500000	0.218750	0
0.531250	0.218750	0
0.562500	0.218750	0
0.593750	0.218750	0
0.625000	0.218750	0
0.656250	0.218750	0
0.687500	0.218750	0
0.718750	0.218750	0
0.750000	0.218750	0
0.781250	0.218750	0
0.812500	0.218750	0
0.843750	0.218750	0
0.875000	0.218750	0
0.906250	0.218750	0
0.937500	0.218750	0
0.968750	0.218750	0
1.000000	0.218750	1
0.000000	0.250000	1
0.031250	0.250000	0
0.062500	0.250000	0
0.093750	0.250000	0
0.125000	0.250000	0
0.156250	0.250000	0
0.187500	0.250000	0
0.218750	0.250000	0
0.250000	0.250000	0
0.281250	0.250000	0
0.312500	0.250000	0
0.343750	0.250000	0
0.375000	0.250000	0
0.406250	0.250000	0
0.437500	0.250000	0
0.468750	0.250000	0
0.500000	0.250000	0
0.531250	0.250000	0
0.562500	0.250000	0
0.593750	0.250000	0
0.625000	0.250000	0
0.656250	0.250000	0
0.687500	0.250000	0
0.718750	0.250000	0
0.750000	0.250000	0
0.781250	0.250000	0
0.812500	0.250000	0
0.843750	0.250000	0
0.875000	0.250000	0
0.906250	0.250000	0
0.937500	0.250000	0
0.968750	0.250000	0
1.000000	0.250000	1
0.000000	0.281250	1
0.031250	0.281250	0
0.062500	0.281250	0
0.093750	0.281250	0
0.125000	0.281250	0
0.156250	0.281250	0
0.187500	0.281250	0
0.218750	0.281250	0
0.250000	0.281250	0
0.281250	0.281250	0
0.312500	0.281250	0
0.343750	0.281250	0
0.375000	0.281250	0
0.406250	0.281250	0
0.437500	0.281250	0
0.468750	0.281250	0
0.500000	0.281250	0
0.531250	0.281250	0
0.562500	0.281250	0
0.593750	0.281250	0
0.625000	0.281250	0
0.656250	0.281250	0
0.687500	0.281250	0
0.718750	0.281250	0
0.750000	0.281250	0
0.781250	0.281250	0
0.812500	0.281250	0
0.843750	0.281250	0
0.875000	0.281250	0
0.906250	0.281250	0
0.937500	0.281250	0
0.968750	0.281250	0
1.000000	0.281250	1
0.000000	0.312500	1
0.031250	0.312500	0
0.062500	0.312500	0
0.093750	0.312500	0
0.125000	0.312500	0
0.156250	0.312500	0
0.187500	0.312500	0
0.218750	0.312500	0
0.250000	0.312500	0
0.281250	0.312500	0
0.312500	0.312500	0
0.343750	0.312500	0
0.375000	0.312500	0
0.406250	0.312500	0
0.437500	0.312500	0
0.468750	0.312500	0
0.500000	0.312500	0
0.531250	0.312500	0
0.562500	0.312500	0
0.593750	0.312500	0
0.625000	0.312500	0
0.656250	0.312500	0
0.687500	0.312500	0
0.718750	0.312500	0
0.750000	0.312500	0
0.781250	0.312500	0
0.812500	0.312500	0
0.843750	0.312500	0
0.875000	0.312500	0
0.906250	0.312500	0
0.937500	0.312500	0
0.968750	0.312500	0
1.000000	0.312500	1
0.000000	0.343750	1
0.031250	0.343750	0
0.062500	0.343750	0
0.093750	0.343750	0
0.125000	0.343750	0
0.156250	0.343750	0
0.187500	0.343750	0
0.218750	0.343750	0
0.250000	0.343750	0
0.281250	0.343750	0
0.312500	0.343750	0
0.343750	0.343750	0
0.375000	0.343750	0
0.406250	0.343750	0
0.437500	0.343750	0
0.468750	0.343750	0
0.500000	0.343750	0
0.531250	0.343750	0
0.562500	0.343750	0
0.593750	0.343750	0
0.625000	0.343750	0
0.656250	0.343750	0
0.687500	0.343750	0
0.718750	0.343750	0
0.750000	0.343750	0
0.781250	0.343750	0
0.812500	0.343750	0
0.843750	0.343750	0
0.875000	0.343750	0
0.906250	0.343750	0
0.937500	0.343750	0
0.968750	0.343750	0
1.000000	0.343750	1
0.000000	0.375000	1
0.031250	0.375000	0
0.062500	0.375000	0
0.093750	0.375000	0
0.125000	0.375000	0
0.156250	0.375000	0
0.187500	0.375000	0
0.218750	0.375000	0
0.250000	0.375000	0
0.281250	0.375000	0
0.312500	0.375000	0
0.343750	0.375000	0
0.375000	0.375000	0
0.406250	0.375000	0
0.437500	0.375000	0
0.468750	0.375000	0
0.500000	0.375000	0
0.531250	0.375000	0
0.562500	0.375000	0
0.593750	0.375000	0
0.625000	0.375000	0
0.656250	0.375000	0
0.687500	0.375000	0
0.718750	0.375000	0
0.750000	0.375000	0
0.781250	0.375000	0
0.812500	0.375000	0
0.843750	0.375000	0
0.875000	0.375000	0
0.906250	0.375000	0
0.937500	0.375000	0
0.968750	0.375000	0
1.000000	0.375000	1
0.000000	0.406250	1
0.031250	0.406250	0
0.062500	0.406250	0
0.093750	0.406250	0
0.125000	0.406250	0
0.156250	0.406250	0
0.187500	0.406250	0
0.218750	0.406250	0
0.250000	0.406250	0
0.281250	0.406250	0
0.312500	0.406250	0
0.343750	0.406250	0
0.375000	0.406250	0
0.406250	0.406250	0
0.437500	0.406250	0
0.468750	0.406250	0
0.500000	0.406250	0
0.531250	0.406250	0
0.562500	0.406250	0
0.593750	0.406250	0
0.625000	0.406250	0
0.656250	0.406250	0
0.687500	0.406250	0
0.718750	0.406250	0
0.750000	0.406250	0
0.781250	0.406250	0
0.812500	0.406250	0
0.843750	0.406250	0
0.875000	0.406250	0
0.906250	0.406250	0
0.937500	0.406250	0
0.968750	0.406250	0
1.000000	0.406250	1
0.000000	0.437500	1
0.031250	0.437500	0
0.062500	0.437500	0
0.093750	0.437500	0
0.125000	0.437500	0
0.156250	0.437500	0
0.187500	0.437500	0
0.218750	0.437500	0
0.250000	0.437500	0
0.281250	0.437500	0
0.312500	0.437500	0
0.343750	0.437500	0
0.375000	0.437500	0
0.406250	0.437500	0
0.437500	0.437500	0
0.468750	0.437500	0
0.500000	0.437500	0
0.531250	0.437500	0
0.562500	0.437500	0
0.593750	0.437500	0
0.625000	0.437500	0
0.656250	0.437500	0
0.687500	0.437500	0
0.718750	0.437500	0
0.750000	0.437500	0
0.781250	0.437500	0
0.812500	0.437500	0
0.843750	0.437500	0
0.875000	0.437500	0
0.906250	0.437500	0
0.937500	0.437500	0
0.968750	0.437500	0
1.000000	0.437500	1
0.000000	0.468750	1
0.031250	0.468750	0
0.062500	0.468750	0
0.093750	0.468750	0
0.125000	0.468750	0
0.156250	0.468750	0
0.187500	0.468750	0
0.218750	0.468750	0
0.250000	0.468750	0
0.281250	0.468750	0
0.312500	0.468750	0
0.343750	0.468750	0
0.375000	0.468750	0
0.406250	0.468750	0
0.437500	0.468750	0
0.468750	0.468750	0
0.500000	0.468750	0
0.531250	0.468750	0
0.562500	0.468750	0
0.593750	0.468750	0
0.625000	0.468750	0
0.656250	0.468750	0
0.687500	0.468750	0
0.718750	0.468750	0
0.750000	0.468750	0
0.781250	0.468750	0
0.812500	0.468750	0
0.843750	0.468750	0
0.875000	0.468750	0
0.906250	0.468750	0
0.937500	0.468750	0
0.968750	0.468750	0
1.000000	0.468750	1
0.000000	0.500000	1
0.031250	0.500000	0
0.062500	0.500000	0
0.093750	0.500000	0
0.125000	0.500000	0
0.156250	0.500000	0
0.187500	0.500000	0
0.218750	0.500000	0
0.250000	0.500000	0
0.281250	0.500000	0
0.312500	0.500000	0
0.343750	0.500000	0
0.375000	0.500000	0
0.406250	0.500000	0
0.437500	0.500000	0
0.468750	0.500000	0
0.500000	0.500000	0
0.531250	0.500000	0
0.562500	0.500000	0
0.593750	0.500000	0
0.625000	0.500000	0
0.656250	0.500000	0
0.687500	0.500000	0
0.718750	0.500000	0
0.750000	0.500000	0
0.781250	0.500000	0
0.812500	0.500000	0
0.843750	0.500000	0
0.875000	0.500000	0
0.906250	0.500000	0
0.937500	0.500000	0
0.968750	0.500000	0
1.000000	0.500000	1
0.000000	0.531250	1
0.031250	0.531250	0
0.062500	0.531250	0
0.093750	0.531250	0
0.125000	0.531250	0
0.156250	0.531250	0
0.187500	0.531250	0
0.218750	0.531250	0
0.250000	0.531250	0
0.281250	0.531250	0
0.312500	0.531250	0
0.343750	0.531250	0
0.375000	0.531250	0
0.406250	0.531250	0
0.437500	0.531250	0
0.468750	0.531250	0
0.500000	0.531250	0
0.531250	0.531250	0
0.562500	0.531250	0
0.593750	0.531250	0
0.625000	0.531250	0
0.656250	0.531250	0
0.687500	0.531250	0
0.718750	0.531250	0
0.750000	0.531250	0
0.781250	0.531250	0
0.812500	0.531250	0
0.843750	0.531250	0
0.875000	0.531250	0
0.906250	0.531250	0
0.937500	0.531250	0
0.968750	0.531250	0
1.000000	0.531250	1
0.000000	0.562500	1
0.031250	0.562500	0
0.062500	0.562500	0
0.093750	0.562500	0
0.125000	0.562500	0
0.156250	0.562500	0
0.187500	0.562500	0
0.218750	0.562500	0
0.250000	0.562500	0
0.281250	0.562500	0
0.312500	0.562500	0
0.343750	0.562500	0
0.375000	0.562500	0
0.406250	0.562500	0
0.437500	0.562500	0
0.468750	0.562500	0
0.500000	0.562500	0
0.531250	0.562500	0
0.562500	0.562500	0
0.593750	0.562500	0
0.625000	0.562500	0
0.656250	0.562500	0
0.687500	0.562500	0
0.718750	0.562500	0
0.750000	0.562500	0
0.781250	0.562500	0
0.812500	0.562500	0
0.843750	0.562500	0
0.875000	0.562500	0
0.906250	0.562500	0
0.937500	0.562500	0
0.968750	0.562500	0
1.000000	0.562500	1
0.000000	0.593750	1
0.031250	0.593750	0
0.062500	0.593750	0
0.093750	0.593750	0
0.125000	0.593750	0
0.156250	0.593750	0
0.187500	0.593750	0
0.218750	0.593750	0
0.250000	0.593750	0
0.281250	0.593750	0
0.312500	0.593750	0
0.343750	0.593750	0
0.375000	0.593750	0
0.406250	0.593750	0
0.437500	0.593750	0
0.468750	0.593750	0
0.500000	0.593750	0
0.531250	0.593750	0
0.562500	0.593750	0
0.593750	0.593750	0
0.625000	0.593750	0
0.656250	0.593750	0
0.687500	0.593750	0
0.718750	0.593750	0
0.750000	0.593750	0
0.781250	0.593750	0
0.812500	0.593750	0
0.843750	0.593750	0
0.875000	0.593750	0
0.906250	0.593750	0
0.937500	0.593750	0
0.968750	0.593750	0
1.000000	0.593750	1
0.000000	0.625000	1
0.031250	0.625000	0
0.062500	0.625000	0
0.093750	0.625000	0
0.125000	0.625000	0
0.156250	0.625000	0
0.187500	0.625000	0
0.218750	0.625000	0
0.250000	0.625000	0
0.281250	0.625000	0
0.312500	0.625000	0
0.343750	0.625000	0
0.375000	0.625000	0
0.406250	0.625000	0
0.437500	0.625000	0
0.468750	0.625000	0
0.500000	0.625000	0
0.531250	0.625000	0
0.562500	0.625000	0
0.593750	0.625000	0
0.625000	0.625000	0
0.656250	0.625000	0
0.687500	0.625000	0
0.718750	0.625000	0
0.750000	0.625000	0
0.781250	0.625000	0
0.812500	0.625000	0
0.843750	0.625000	0
0.875000	0.625000	0
0.906250	0.625000	0
0.937500	0.625000	0
0.968750	0.625000	0
1.000000	0.625000	1
0.000000	0.656250	1
0.031250	0.656250	0
0.062500	0.656250	0
0.093750	0.656250	0
0.125000	0.656250	0
0.156250	0.656250	0
0.187500	0.656250	0
0.218750	0.656250	0
0.250000	0.656250	0
0.281250	0.656250	0
0.312500	0.656250	0
0.343750	0.656250	0
0.375000	0.656250	0
0.406250	0.656250	0
0.437500	0.656250	0
0.468750	0.656250	0
0.500000	0.656250	0
0.531250	0.656250	0
0.562500	0.656250	0
0.593750	0.656250	0
0.625000	0.656250	0
0.656250	0.656250	0
0.687500	0.656250	0
0.718750	0.656250	0
0.750000	0.656250	0
0.781250	0.656250	0
0.812500	0.656250	0
0.843750	0.656250	0
0.875000	0.656250	0
0.906250	0.656250	0
0.937500	0.656250	0
0.968750	0.656250	0
1.000000	0.656250	1
0.000000	0.687500	1
0.031250	0.687500	0
0.062500	0.687500	0
0.093750	0.687500	0
0.125000	0.687500	0
0.156250	0.687500	0
0.187500	0.687500	0
0.218750	0.687500	0
0.250000	0.687500	0
0.281250	0.687500	0
0.312500	0.687500	0
0.343750	0.687500	0
0.375000	0.687500	0
0.406250	0.687500	0
0.437500	0.687500	0
0.468750	0.687500	0
0.500000	0.687500	0
0.531250	0.687500	0
0.562500	0.687500	0
0.593750	0.687500	0
0.625000	0.687500	0
0.656250	0.687500	0
0.687500	0.687500	0
0.718750	0.687500	0
0.750000	0.687500	0
0.781250	0.687500	0
0.812500	0.687500	0
0.843750	0.687500	0
0.875000	0.687500	0
0.906250	0.687500	0
0.937500	0.687500	0
0.968750	0.687500	0
1.000000	0.687500	1
0.000000	0.718750	1
0.031250	0.718750	0
0.062500	0.718750	0
0.093750	0.718750	0
0.125000	0.718750	0
0.156250	0.718750	0
0.187500	0.718750	0
0.218750	0.718750	0
0.250000	0.718750	0
0.281250	0.718750	0
0.312500	0.718750	0
0.343750	0.718750	0
0.375000	0.718750	0
0.406250	0.718750	0
0.437500	0.718750	0
0.468750	0.718750	0
0.500000	0.718750	0
0.531250	0.718750	0
0.562500	0.718750	0
0.593750	0.718750	0
0.625000	0.718750	0
0.656250	0.718750	0
0.687500	0.718750	0
0.718750	0.718750	0
0.750000	0.718750	0
0.781250	0.718750	0
0.812500	0.718750	0
0.843750	0.718750	0
0.875000	0.718750	0
0.906250	0.718750	0
0.937500	0.718750	0
0.968750	0.718750	0
1.000000	0.718750	1
0.000000	0.750000	1
0.031250	0.750000	0
0.062500	0.750000	0
0.093750	0.750000	0
0.125000	0.750000	0
0.156250	0.750000	0
0.187500	0.750000	0
0.218750	0.750000	0
0.250000	0.750000	0
0.281250	0.750000	0
0.312500	0.750000	0
0.343750	0.750000	0
0.375000	0.750000	0
0.406250	0.750000	0
0.437500	0.750000	0
0.468750	0.750000	0
0.500000	0.750000	0
0.531250	0.750000	0
0.562500	0.750000	0
0.593750	0.750000	0
0.625000	0.750000	0
0.656250	0.750000	0
0.687500	0.750000	0
0.718750	0.750000	0
0.750000	0.750000	0
0.781250	0.750000	0
0.812500	0.750000	0
0.843750	0.750000	0
0.875000	0.750000	0
0.906250	0.750000	0
0.937500	0.750000	0
0.968750	0.750000	0
1.000000	0.750000	1
0.000000	0.781250	1
0.031250	0.781250	0
0.062500	0.781250	0
0.093750	0.781250	0
0.125000	0.781250	0
0.156250	0.781250	0
0.187500	0.781250	0
0.218750	0.781250	0
0.250000	0.781250	0
0.281250	0.781250	0
0.312500	0.781250	0
0.343750	0.781250	0
0.375000	0.781250	0
0.406250	0.781250	0
0.437500	0.781250	0
0.468750	0.781250	0
0.500000	0.781250	0
0.531250	0.781250	0
0.562500	0.781250	0
0.593750	0.781250	0
0.625000	0.781250	0
0.656250	0.781250	0
0.687500	0.781250	0
0.718750	0.781250	0
0.750000	0.781250	0
0.781250	0.781250	0
0.812500	0.781250	0
0.843750	0.781250	0
0.875000	0.781250	0
0.906250	0.781250	0
0.937500	0.781250	0
0.968750	0.781250	0
1.000000	0.781250	1
0.000000	0.812500	1
0.031250	0.812500	0
0.062500	0.812500	0
0.093750	0.812500	0
0.125000	0.812500	0
0.156250	0.812500	0
0.187500	0.812500	0
0.218750	0.812500	0
0.250000	0.812500	0
0.281250	0.812500	0
0.312500	0.812500	0
0.343750	0.812500	0
0.375000	0.812500	0
0.406250	0.812500	0
0.437500	0.812500	0
0.468750	0.812500	0
0.500000	0.812500	0
0.531250	0.812500	0
0.562500	0.812500	0
0.593750	0.812500	0
0.625000	0.812500	0
0.656250	0.812500	0
0.687500	0.812500	0
0.718750	0.812500	0
0.750000	0.812500	0
0.781250	0.812500	0
0.812500	0.812500	0
0.843750	0.812500	0
0.875000	0.812500	0
0.906250	0.812500	0
0.937500	0.812500	0
0.968750	0.812500	0
1.000000	0.812500	1
0.000000	0.843750	1
0.031250	0.843750	0
0.062500	0.843750	0
0.093750	0.843750	0
0.125000	0.843750	0
0.156250	0.843750	0
0.187500	0.843750	0
0.218750	0.843750	0
0.250000	0.843750	0
0.281250	0.843750	0
0.312500	0.843750	0
0.343750	0.843750	0
0.375000	0.843750	0
0.406250	0.843750	0
0.437500	0.843750	0
0.468750	0.843750	0
0.500000	0.843750	0
0.531250	0.843750	0
0.562500	0.843750	0
0.593750	0.843750	0
0.625000	0.843750	0
0.656250	0.843750	0
0.687500	0.843750	0
0.718750	0.843750	0
0.750000	0.843750	0
0.781250	0.843750	0
0.812500	0.843750	0
0.843750	0.843750	0
0.875000	0.843750	0
0.906250	0.843750	0
0.937500	0.843750	0
0.968750	0.843750	0
1.000000	0.843750	1
0.000000	0.875000	1
0.031250	0.875000	0
0.062500	0.875000	0
0.093750	0.875000	0
0.125000	0.875000	0
0.156250	0.875000	0
0.187500	0.875000	0
0.218750	0.875000	0
0.250000	0.875000	0
0.281250	0.875000	0
0.312500	0.875000	0
0.343750	0.875000	0
0.375000	0.875000	0
0.406250	0.875000	0
0.437500	0.875000	0
0.468750	0.875000	0
0.500000	0.875000	0
0.531250	0.875000	0
0.562500	0.875000	0
0.593750	0.875000	0
0.625000	0.875000	0
0.656250	0.875000	0
0.687500	0.875000	0
0.718750	0.875000	0
0.750000	0.875000	0
0.781250	0.875000	0
0.812500	0.875000	0
0.843750	0.875000	0
0.875000	0.875000	0
0.906250	0.875000	0
0.937500	0.875000	0
0.968750	0.875000	0
1.000000	0.875000	1
0.000000	0.906250	1
0.031250	0.906250	0
0.062500	0.906250	0
0.093750	0.906250	0
0.125000	0.906250	0
0.156250	0.906250	0
0.187500	0.906250	0
0.218750	0.906250	0
0.250000	0.906250	0
0.281250	0.906250	0
0.312500	0.906250	0
0.343750	0.906250	0
0.375000	0.906250	0
0.406250	0.906250	0
0.437500	0.906250	0
0.468750	0.906250	0
0.500000	0.906250	0
0.531250	0.906250	0
0.562500	0.906250	0
0.593750	0.906250	0
0.625000	0.906250	0
0.656250	0.906250	0
0.687500	0.906250	0
0.718750	0.906250	0
0.750000	0.906250	0
0.781250	0.906250	0
0.812500	0.906250	0
0.843750	0.906250	0
0.875000	0.906250	0
0.906250	0.906250	0
0.937500	0.906250	0
0.968750	0.906250	0
1.000000	0.906250	1
0.000000	0.937500	1
0.031250	0.937500	0
0.062500	0.937500	0
0.093750	0.937500	0
0.125000	0.937500	0
0.156250	0.937500	0
0.187500	0.937500	0
0.218750	0.937500	0
0.250000	0.937500	0
0.281250	0.937500	0
0.312500	0.937500	0
0.343750	0.937500	0
0.375000	0.937500	0
0.406250	0.937500	0
0.437500	0.937500	0
0.468750	0.937500	0
0.500000	0.937500	0
0.531250	0.937500	0
0.562500	0.937500	0
0.593750	0.937500	0
0.625000	0.937500	0
0.656250	0.937500	0
0.687500	0.937500	0
0.718750	0.937500	0
0.750000	0.937500	0
0.781250	0.937500	0
0.812500	0.937500	0
0.843750	0.937500	0
0.875000	0.937500	0
0.906250	0.937500	0
0.937500	0.937500	0
0.968750	0.937500	0
1.000000	0.937500	1
0.000000	0.968750	1
0.031250	0.968750	0
0.062500	0.968750	0
0.093750	0.968750	0
0.125000	0.968750	0
0.156250	0.968750	0
0.187500	0.968750	0
0.218750	0.968750	0
0.250000	0.968750	0
0.281250	0.968750	0
0.312500	0.968750	0
0.343750	0.968750	0
0.375000	0.968750	0
0.406250	0.968750	0
0.437500	0.968750	0
0.468750	0.968750	0
0.500000	0.968750	0
0.531250	0.968750	0
0.562500	0.968750	0
0.593750	0.968750	0
0.625000	0.968750	0
0.656250	0.968750	0
0.687500	0.968750	0
0.718750	0.968750	0
0.750000	0.968750	0
0.781250	0.968750	0
0.812500	0.968750	0
0.843750	0.968750	0
0.875000	0.968750	0
0.906250	0.968750	0
0.937500	0.968750	0
0.968750	0.968750	0
1.000000	0.968750	1
0.000000	1.000000	1
0.031250	1.000000	1
0.062500	1.000000	1
0.093750	1.000000	1
0.125000	1.000000	1
0.156250	1.000000	1
0.187500	1.000000	1
0.218750	1.000000	1
0.250000	1.000000	1
0.281250	1.000000	1
0.312500	1.000000	1
0.343750	1.000000	1
0.375000	1.000000	1
0.406250	1.000000	1
0.437500	1.000000	1
0.468750	1.000000	1
0.500000	1.000000	1
0.531250	1.000000	1
0.562500	1.000000	1
0.593750	1.000000	1
0.625000	1.000000	1
0.656250	1.000000	1
0.687500	1.000000	1
0.718750	1.000000	1
0.750000	1.000000	1
0.781250	1.000000	1
0.812500	1.000000	1
0.843750	1.000000	1
0.875000	1.000000	1
0.906250	1.000000	1
0.937500	1.000000	1
0.968750	1.000000	1
1.000000	1.000000	1
0	1	1
1	2	1
2	3	1
3	4	1
4	5	1
5	6	1
6	7	1
7	8	1
8	9	1
9	10	1
10	11	1
11	12	1
12	13	1
13	14	1
14	15	1
15	16	1
16	17	1
17	18	1
18	19	1
19	20	1
20	21	1
21	22	1
22	23	1
23	24	1
24	25	1
25	26	1
26	27	1
27	28	1
28	29	1
29	30	1
30	31	1
31	32	1
0	33	1
0	34	0
1	34	0
1	35	0
2	35	0
2	36	0
3	36	0
3	37	0
4	37	0
4	38	0
5	38	0
5	39	0
6	39	0
6	40	0
7	40	0
7	41	0
8	41	0
8	42	0
9	42	0
9	43	0
10	43	0
10	44	0
11	44	0
11	45	0
12	45	0
12	46	0
13	46	0
13	47	0
14	47	0
14	48	0
15	48	0
15	49	0
16	49	0
16	50	0
17	50	0
17	51	0
18	51	0
18	52	0
19	52	0
19	53	0
20	53	0
20	54	0
21	54	0
21	55	0
22	55	0
22	56	0
23	56	0
23	57	0
24	57	0
24	58	0
25	58	0
25	59	0
26	59	0
26	60	0
27	60	0
27	61	0
28	61	0
28	62	0
29	62	0
29	63	0
30	63	0
30	64	0
31	64	0
31	65	0
32	65	1
33	34	0
34	35	0
35	36	0
36	37	0
37	38	0
38	39	0
39	40	0
40	41	0
41	42	0
42	43	0
43	44	0
44	45	0
45	46	0
46	47	0
47	48	0
48	49	0
49	50	0
50	51	0
51	52	0
52	53	0
53	54	0
54	55	0
55	56	0
56	57	0
57	58	0
58	59	0
59	60	0
60	61	0
61	62	0
62	63	0
63	64	0
64	65	0
33	66	1
33	67	0
34	67	0
34	68	0
35	68	0
35	69	0
36	69	0
36	70	0
37	70	0
37	71	0
38	71	0
38	72	0
39	72	0
39	73	0
40	73	0
40	74	0
41	74	0
41	75	0
42	75	0
42	76	0
43	76	0
43	77	0
44	77	0
44	78	0
45	78	0
45	79	0
46	79	0
46	80	0
47	80	0
47	81	0
48	81	0
48	82	0
49	82	0
49	83	0
50	83	0
50	84	0
51	84	0
51	85	0
52	85	0
52	86	0
53	86	0
53	87	0
54	87	0
54	88	0
55	88	0
55	89	0
56	89	0
56	90	0
57	90	0
57	91	0
58	91	0
58	92	0
59	92	0
59	93	0
60	93	0
60	94	0
61	94	0
61	95	0
62	95	0
62	96	0
63	96	0
63	97	0
64	97	0
64	98	0
65	98	1
66	67	0
67	68	0
68	69	0
69	70	0
70	71	0
71	72	0
72	73	0
73	74	0
74	75	0
75	76	0
76	77	0
77	78	0
78	79	0
79	80	0
80	81	0
81	82	0
82	83	0
83	84	0
84	85	0
85	86	0
86	87	0
87	88	0
88	89	0
89	90	0
90	91	0
91	92	0
92	93	0
93	94	0
94	95	0
95	96	0
96	97	0
97	98	0
66	99	1
66	100	0
67	100	0
67	101	0
68	101	0
68	102	0
69	102	0
69	103	0
70	103	0
70	104	0
71	104	0
71	105	0
72	105	0
72	106	0
73	106	0
73	107	0
74	107	0
74	108	0
75	108	0
75	109	0
76	109	0
76	110	0
77	110	0
77	111	0
78	111	0
78	112	0
79	112	0
79	113	0
80	113	0
80	114	0
81	114	0
81	115	0
82	115	0
82	116	0
83	116	0
83	117	0
84	117	0
84	118	0
85	118	0
85	119	0
86	119	0
86	120	0
87	120	0
87	121	0
88	121	0
88	122	0
89	122	0
89	123	0
90	123	0
90	124	0
91	124	0
91	125	0
92	125	0
92	126	0
93	126	0
93	127	0
94	127	0
94	128	0
95	128	0
95	129	0
96	129	0
96	130	0
97	130	0
97	131	0
98	131	1
99	100	0
100	101	0
101	102	0
102	103	0
103	104	0
104	105	0
105	106	0
106	107	0
107	108	0
108	109	0
109	110	0
110	111	0
111	112	0
112	113	0
113	114	0
114	115	0
115	116	0
116	117	0
117	118	0
118	119	0
119	120	0
120	121	0
121	122	0
122	123	0
123	124	0
124	125	0
125	126	0
126	127	0
127	128	0
128	129	0
129	130	0
130	131	0
99	132	1
99	133	0
100	133	0
100	134	0
101	134	0
101	135	0
102	135	0
102	136	0
103	136	0
103	137	0
104	137	0
104	138	0
105	138	0
105	139	0
106	139	0
106	140	0
107	140	0
107	141	0
108	141	0
108	142	0
109	142	0
109	143	0
110	143	0
110	144	0
111	144	0
111	145	0
112	145	0
112	146	0
113	146	0
113	147	0
114	147	0
114	148	0
115	148	0
115	149	0
116	149	0
116	150	0
117	150	0
117	151	0
118	151	0
118	152	0
119	152	0
119	153	0
120	153	0
120	154	0
121	154	0
121	155	0
122	155	0
122	156	0
123	156	0
123	157	0
124	157	0
124	158	0
125	158	0
125	159	0
126	159	0
126	160	0
127	160	0
127	161	0
128	161	0
128	162	0
129	162	0
129	163	0
130	163	0
130	164	0
131	164	1
132	133	0
133	134	0
134	135	0
135	136	0
136	137	0
137	138	0
138	139	0
139	140	0
140	141	0
141	142	0
142	143	0
143	144	0
144	145	0
145	146	0
146	147	0
147	148	0
148	149	0
149	150	0
150	151	0
151	152	0
152	153	0
153	154	0
154	155	0
155	156	0
156	157	0
157	158	0
158	159	0
159	160	0
160	161	0
161	162	0
162	163	0
163	164	0
132	165	1
132	166	0
133	166	0
133	167	0
134	167	0
134	168	0
135	168	0
135	169	0
136	169	0
136	170	0
137	170	0
137	171	0
138	171	0
138	172	0
139	172	0
139	173	0
140	173	0
140	174	0
141	174	0
141	175	0
142	175	0
142	176	0
143	176	0
143	177	0
144	177	0
144	178	0
145	178	0
145	179	0
146	179	0
146	180	0
147	180	0
147	181	0
148	181	0
148	182	0
149	182	0
149	183	0
150	183	0
150	184	0
151	184	0
151	185	0
152	185	0
152	186	0
153	186	0
153	187	0
154	187	0
154	188	0
155	188	0
155	189	0
156	189	0
156	190	0
157	190	0
157	191	0
158	191	0
158	192	0
159	192	0
159	193	0
160	193	0
160	194	0
161	194	0
161	195	0
162	195	0
162	196	0
163	196	0
163	197	0
164	197	1
165	166	0
166	167	0
167	168	0
168	169	0
169	170	0
170	171	0
171	172	0
172	173	0
173	174	0
174	175	0
175	176	0
176	177	0
177	178	0
178	179	0
179	180	0
180	181	0
181	182	0
182	183	0
183	184	0
184	185	0
185	186	0
186	187	0
187	188	0
188	189	0
189	190	0
190	191	0
191	192	0
192	193	0
193	194	0
194	195	0
195	196	0
196	197	0
165	198	1
165	199	0
166	199	0
166	200	0
167	200	0
167	201	0
168	201	0
168	202	0
169	202	0
169	203	0
170	203	0
170	204	0
171	204	0
171	205	0
172	205	0
172	206	0
173	206	0
173	207	0
174	207	0
174	208	0
175	208	0
175	209	0
176	209	0
176	210	0
177	210	0
177	211	0
178	211	0
178	212	0
179	212	0
179	213	0
180	213	0
180	214	0
181	214	0
181	215	0
182	215	0
182	216	0
183	216	0
183	217	0
184	217	0
184	218	0
185	218	0
185	219	0
186	219	0
186	220	0
187	220	0
187	221	0
188	221	0
188	222	0
189	222	0
189	223	0
190	223	0
190	224	0
191	224	0
191	225	0
192	225	0
192	226	0
193	226	0
193	227	0
194	227	0
194	228	0
195	228	0
195	229	0
196	229	0
196	230	0
197	230	1
198	199	0
199	200	0
200	201	0
201	202	0
202	203	0
203	204	0
204	205	0
205	206	0
206	207	0
207	208	0
208	209	0
209	210	0
210	211	0
211	212	0
212	213	0
213	214	0
214	215	0
215	216	0
216	217	0
217	218	0
218	219	0
219	220	0
220	221	0
221	222	0
222	223	0
223	224	0
224	225	0
225	226	0
226	227	0
227	228	0
228	229	0
229	230	0
198	231	1
198	232	0
199	232	0
199	233	0
200	233	0
200	234	0
201	234	0
201	235	0
202	235	0
202	236	0
203	236	0
203	237	0
204	237	0
204	238	0
205	238	0
205	239	0
206	239	0
206	240	0
207	240	0
207	241	0
208	241	0
208	242	0
209	242	0
209	243	0
210	243	0
210	244	0
211	244	0
211	245	0
212	245	0
212	246	0
213	246	0
213	247	0
214	247	0
214	248	0
215	248	0
215	249	0
216	249	0
216	250	0
217	250	0
217	251	0
218	251	0
218	252	0
219	252	0
219	253	0
220	253	0
220	254	0
221	254	0
221	255	0
222	255	0
222	256	0
223	256	0
223	257	0
224	257	0
224	258	0
225	258	0
225	259	0
226	259	0
226	260	0
227	260	0
227	261	0
228	261	0
228	262	0
229	262	0
229	263	0
230	263	1
231	232	0
232	233	0
233	234	0
234	235	0
235	236	0
236	237	0
237	238	0
238	239	0
239	240	0
240	241	0
241	242	0
242	243	0
243	244	0
244	245	0
245	246	0
246	247	0
247	248	0
248	249	0
249	250	0
250	251	0
251	252	0
252	253	0
253	254	0
254	255	0
255	256	0
256	257	0
257	258	0
258	259	0
259	260	0
260	261	0
261	262	0
262	263	0
231	264	1
231	265	0
232	265	0
232	266	0
233	266	0
233	267	0
234	267	0
234	268	0
235	268	0
235	269	0
236	269	0
236	270	0
237	270	0
237	271	0
238	271	0
238	272	0
239	272	0
239	273	0
240	273	0
240	274	0
241	274	0
241	275	0
242	275	0
242	276	0
243	276	0
243	277	0
244	277	0
244	278	0
245	278	0
245	279	0
246	279	0
246	280	0
247	280	0
247	281	0
248	281	0
248	282	0
249	282	0
249	283	0
250	283	0
250	284	0
251	284	0
251	285	0
252	285	0
252	286	0
253	286	0
253	287	0
254	287	0
254	288	0
255	288	0
255	289	0
256	289	0
256	290	0
257	290	0
257	291	0
258	291	0
258	292	0
259	292	0
259	293	0
260	293	0
260	294	0
261	294	0
261	295	0
262	295	0
262	296	0
263	296	1
264	265	0
265	266	0
266	267	0
267	268	0
268	269	0
269	270	0
270	271	0
271	272	0
272	273	0
273	274	0
274	275	0
275	276	0
276	277	0
277	278	0
278	279	0
279	280	0
280	281	0
281	282	0
282	283	0
283	284	0
284	285	0
285	286	0
286	287	0
287	288	0
288	289	0
289	290	0
290	291	0
291	292	0
292	293	0
293	294	0
294	295	0
295	296	0
264	297	1
264	298	0
265	298	0
265	299	0
266	299	0
266	300	0
267	300	0
267	301	0
268	301	0
268	302	0
269	302	0
269	303	0
270	303	0
270	304	0
271	304	0
271	305	0
272	305	0
272	306	0
273	306	0
273	307	0
274	307	0
274	308	0
275	308	0
275	309	0
276	309	0
276	310	0
277	310	0
277	311	0
278	311	0
278	312	0
279	312	0
279	313	0
280	313	0
280	314	0
281	314	0
281	315	0
282	315	0
282	316	0
283	316	0
283	317	0
284	317	0
284	318	0
285	318	0
285	319	0
286	319	0
286	320	0
287	320	0
287	321	0
288	321	0
288	322	0
289	322	0
289	323	0
290	323	0
290	324	0
291	324	0
291	325	0
292	325	0
292	326	0
293	326	0
293	327	0
294	327	0
294	328	0
295	328	0
295	329	0
296	329	1
297	298	0
298	299	0
299	300	0
300	301	0
301	302	0
302	303	0
303	304	0
304	305	0
305	306	0
306	307	0
307	308	0
308	309	0
309	310	0
310	311	0
311	312	0
312	313	0
313	314	0
314	315	0
315	316	0
316	317	0
317	318	0
318	319	0
319	320	0
320	321	0
321	322	0
322	323	0
323	324	0
324	325	0
325	326	0
326	327	0
327	328	0
328	329	0
297	330	1
297	331	0
298	331	0
298	332	0
299	332	0
299	333	0
300	333	0
300	334	0
301	334	0
301	335	0
302	335	0
302	336	0
303	336	0
303	337	0
304	337	0
304	338	0
305	338	0
305	339	0
306	339	0
306	340	0
307	340	0
307	341	0
308	341	0
308	342	0
309	342	0
309	343	0
310	343	0
310	344	0
311	344	0
311	345	0
312	345	0
312	346	0
313	346	0
313	347	0
314	347	0
314	348	0
315	348	0
315	349	0
316	349	0
316	350	0
317	350	0
317	351	0
318	351	0
318	352	0
319	352	0
319	353	0
320	353	0
320	354	0
321	354	0
321	355	0
322	355	0
322	356	0
323	356	0
323	357	0
324	357	0
324	358	0
325	358	0
325	359	0
326	359	0
326	360	0
327	360	0
327	361	0
328	361	0
328	362	0
329	362	1
330	331	0
331	332	0
332	333	0
333	334	0
334	335	0
335	336	0
336	337	0
337	338	0
338	339	0
339	340	0
340	341	0
341	342	0
342	343	0
343	344	0
344	345	0
345	346	0
346	347	0
347	348	0
348	349	0
349	350	0
350	351	0
351	352	0
352	353	0
353	354	0
354	355	0
355	356	0
356	357	0
357	358	0
358	359	0
359	360	0
360	361	0
361	362	0
330	363	1
330	364	0
331	364	0
331	365	0
332	365	0
332	366	0
333	366	0
333	367	0
334	367	0
334	368	0
335	368	0
335	369	0
336	369	0
336	370	0
337	370	0
337	371	0
338	371	0
338	372	0
339	372	0
339	373	0
340	373	0
340	374	0
341	374	0
341	375	0
342	375	0
342	376	0
343	376	0
343	377	0
344	377	0
344	378	0
345	378	0
345	379	0
346	379	0
346	380	0
347	380	0
347	381	0
348	381	0
348	382	0
349	382	0
349	383	0
350	383	0
350	384	0
351	384	0
351	385	0
352	385	0
352	386	0
353	386	0
353	387	0
354	387	0
354	388	0
355	388	0
355	389	0
356	389	0
356	390	0
357	390	0
357	391	0
358	391	0
358	392	0
359	392	0
359	393	0
360	393	0
360	394	0
361	394	0
361	395	0
362	395	1
363	364	0
364	365	0
365	366	0
366	367	0
367	368	0
368	369	0
369	370	0
370	371	0
371	372	0
372	373	0
373	374	0
374	375	0
375	376	0
376	377	0
377	378	0
378	379	0
379	380	0
380	381	0
381	382	0
382	383	0
383	384	0
384	385	0
385	386	0
386	387	0
387	388	0
388	389	0
389	390	0
390	391	0
391	392	0
392	393	0
393	394	0
394	395	0
363	396	1
363	397	0
364	397	0
364	398	0
365	398	0
365	399	0
366	399	0
366	400	0
367	400	0
367	401	0
368	401	0
368	402	0
369	402	0
369	403	0
370	403	0
370	404	0
371	404	0
371	405	0
372	405	0
372	406	0
373	406	0
373	407	0
374	407	0
374	408	0
375	408	0
375	409	0
376	409	0
376	410	0
377	410	0
377	411	0
378	411	0
378	412	0
379	412	0
379	413	0
380	413	0
380	414	0
381	414	0
381	415	0
382	415	0
382	416	0
383	416	0
383	417	0
384	417	0
384	418	0
385	418	0
385	419	0
386	419	0
386	420	0
387	420	0
387	421	0
388	421	0
388	422	0
389	422	0
389	423	0
390	423	0
390	424	0
391	424	0
391	425	0
392	425	0
392	426	0
393	426	0
393	427	0
394	427	0
394	428	0
395	428	1
396	397	0
397	398	0
398	399	0
399	400	0
400	401	0
401	402	0
402	403	0
403	404	0
404	405	0
405	406	0
406	407	0
407	408	0
408	409	0
409	410	0
410	411	0
411	412	0
412	413	0
413	414	0
414	415	0
415	416	0
416	417	0
417	418	0
418	419	0
419	420	0
420	421	0
421	422	0
422	423	0
423	424	0
424	425	0
425	426	0
426	427	0
427	428	0
396	429	1
396	430	0
397	430	0
397	431	0
398	431	0
398	432	0
399	432	0
399	433	0
400	433	0
400	434	0
401	434	0
401	435	0
402	435	0
402	436	0
403	436	0
403	437	0
404	437	0
404	438	0
405	438	0
405	439	0
406	439	0
406	440	0
407	440	0
407	441	0
408	441	0
408	442	0
409	442	0
409	443	0
410	443	0
410	444	0
411	444	0
411	445	0
412	445	0
412	446	0
413	446	0
413	447	0
414	447	0
414	448	0
415	448	0
415	449	0
416	449	0
416	450	0
417	450	0
417	451	0
418	451	0
418	452	0
419	452	0
419	453	0
420	453	0
420	454	0
421	454	0
421	455	0
422	455	0
422	456	0
423	456	0
423	457	0
424	457	0
424	458	0
425	458	0
425	459	0
426	459	0
426	460	0
427	460	0
427	461	0
428	461	1
429	430	0
430	431	0
431	432	0
432	433	0
433	434	0
434	435	0
435	436	0
436	437	0
437	438	0
438	439	0
439	440	0
440	441	0
441	442	0
442	443	0
443	444	0
444	445	0
445	446	0
446	447	0
447	448	0
448	449	0
449	450	0
450	451	0
451	452	0
452	453	0
453	454	0
454	455	0
455	456	0
456	457	0
457	458	0
458	459	0
459	460	0
460	461	0
429	462	1
429	463	0
430	463	0
430	464	0
431	464	0
431	465	0
432	465	0
432	466	0
433	466	0
433	467	0
434	467	0
434	468	0
435	468	0
435	469	0
436	469	0
436	470	0
437	470	0
437	471	0
438	471	0
438	472	0
439	472	0
439	473	0
440	473	0
440	474	0
441	474	0
441	475	0
442	475	0
442	476	0
443	476	0
443	477	0
444	477	0
444	478	0
445	478	0
445	479	0
446	479	0
446	480	0
447	480	0
447	481	0
448	481	0
448	482	0
449	482	0
449	483	0
450	483	0
450	484	0
451	484	0
451	485	0
452	485	0
452	486	0
453	486	0
453	487	0
454	487	0
454	488	0
455	488	0
455	489	0
456	489	0
456	490	0
457	490	0
457	491	0
458	491	0
458	492	0
459	492	0
459	493	0
460	493	0
460	494	0
461	494	1
462	463	0
463	464	0
464	465	0
465	466	0
466	467	0
467	468	0
468	469	0
469	470	0
470	471	0
471	472	0
472	473	0
473	474	0
474	475	0
475	476	0
476	477	0
477	478	0
478	479	0
479	480	0
480	481	0
481	482	0
482	483	0
483	484	0
484	485	0
485	486	0
486	487	0
487	488	0
488	489	0
489	490	0
490	491	0
491	492	0
492	493	0
493	494	0
462	495	1
462	496	0
463	496	0
463	497	0
464	497	0
464	498	0
465	498	0
465	499	0
466	499	0
466	500	0
467	500	0
467	501	0
468	501	0
468	502	0
469	502	0
469	503	0
470	503	0
470	504	0
471	504	0
471	505	0
472	505	0
472	506	0
473	506	0
473	507	0
474	507	0
474	508	0
475	508	0
475	509	0
476	509	0
476	510	0
477	510	0
477	511	0
478	511	0
478	512	0
479	512	0
479	513	0
480	513	0
480	514	0
481	514	0
481	515	0
482	515	0
482	516	0
483	516	0
483	517	0
484	517	0
484	518	0
485	518	0
485	519	0
486	519	0
486	520	0
487	520	0
487	521	0
488	521	0
488	522	0
489	522	0
489	523	0
490	523	0
490	524	0
491	524	0
491	525	0
492	525	0
492	526	0
493	526	0
493	527	0
494	527	1
495	496	0
496	497	0
497	498	0
498	499	0
499	500	0
500	501	0
501	502	0
502	503	0
503	504	0
504	505	0
505	506	0
506	507	0
507	508	0
508	509	0
509	510	0
510	511	0
511	512	0
512	513	0
513	514	0
514	515	0
515	516	0
516	517	0
517	518	0
518	519	0
519	520	0
520	521	0
521	522	0
522	523	0
523	524	0
524	525	0
525	526	0
526	527	0
495	528	1
495	529	0
496	529	0
496	530	0
497	530	0
497	531	0
498	531	0
498	532	0
499	532	0
499	533	0
500	533	0
500	534	0
501	534	0
501	535	0
502	535	0
502	536	0
503	536	0
503	537	0
504	537	0
504	538	0
505	538	0
505	539	0
506	539	0
506	540	0
507	540	0
507	541	0
508	541	0
508	542	0
509	542	0
509	543	0
510	543	0
510	544	0
511	544	0
511	545	0
512	545	0
512	546	0
513	546	0
513	547	0
514	547	0
514	548	0
515	548	0
515	549	0
516	549	0
516	550	0
517	550	0
517	551	0
518	551	0
518	552	0
519	552	0
519	553	0
520	553	0
520	554	0
521	554	0
521	555	0
522	555	0
522	556	0
523	556	0
523	557	0
524	557	0
524	558	0
525	558	0
525	559	0
526	559	0
526	560	0
527	560	1
528	529	0
529	530	0
530	531	0
531	532	0
532	533	0
533	534	0
534	535	0
535	536	0
536	537	0
537	538	0
538	539	0
539	540	0
540	541	0
541	542	0
542	543	0
543	544	0
544	545	0
545	546	0
546	547	0
547	548	0
548	549	0
549	550	0
550	551	0
551	552	0
552	553	0
553	554	0
554	555	0
555	556	0
556	557	0
557	558	0
558	559	0
559	560	0
528	561	1
528	562	0
529	562	0
529	563	0
530	563	0
530	564	0
531	564	0
531	565	0
532	565	0
532	566	0
533	566	0
533	567	0
534	567	0
534	568	0
535	568	0
535	569	0
536	569	0
536	570	0
537	570	0
537	571	0
538	571	0
538	572	0
539	572	0
539	573	0
540	573	0
540	574	0
541	574	0
541	575	0
542	575	0
542	576	0
543	576	0
543	577	0
544	577	0
544	578	0
545	578	0
545	579	0
546	579	0
546	580	0
547	580	0
547	581	0
548	581	0
548	582	0
549	582	0
549	583	0
550	583	0
550	584	0
551	584	0
551	585	0
552	585	0
552	586	0
553	586	0
553	587	0
554	587	0
554	588	0
555	588	0
555	589	0
556	589	0
556	590	0
557	590	0
557	591	0
558	591	0
558	592	0
559	592	0
559	593	0
560	593	1
561	562	0
562	563	0
563	564	0
564	565	0
565	566	0
566	567	0
567	568	0
568	569	0
569	570	0
570	571	0
571	572	0
572	573	0
573	574	0
574	575	0
575	576	0
576	577	0
577	578	0
578	579	0
579	580	0
580	581	0
581	582	0
582	583	0
583	584	0
584	585	0
585	586	0
586	587	0
587	588	0
588	589	0
589	590	0
590	591	0
591	592	0
592	593	0
561	594	1
561	595	0
562	595	0
562	596	0
563	596	0
563	597	0
564	597	0
564	598	0
565	598	0
565	599	0
566	599	0
566	600	0
567	600	0
567	601	0
568	601	0
568	602	0
569	602	0
569	603	0
570	603	0
570	604	0
571	604	0
571	605	0
572	605	0
572	606	0
573	606	0
573	607	0
574	607	0
574	608	0
575	608	0
575	609	0
576	609	0
576	610	0
577	610	0
577	611	0
578	611	0
578	612	0
579	612	0
579	613	0
580	613	0
580	614	0
581	614	0
581	615	0
582	615	0
582	616	0
583	616	0
583	617	0
584	617	0
584	618	0
585	618	0
585	619	0
586	619	0
586	620	0
587	620	0
587	621	0
588	621	0
588	622	0
589	622	0
589	623	0
590	623	0
590	624	0
591	624	0
591	625	0
592	625	0
592	626	0
593	626	1
594	595	0
595	596	0
596	597	0
597	598	0
598	599	0
599	600	0
600	601	0
601	602	0
602	603	0
603	604	0
604	605	0
605	606	0
606	607	0
607	608	0
608	609	0
609	610	0
610	611	0
611	612	0
612	613	0
613	614	0
614	615	0
615	616	0
616	617	0
617	618	0
618	619	0
619	620	0
620	621	0
621	622	0
622	623	0
623	624	0
624	625	0
625	626	0
594	627	1
594	628	0
595	628	0
595	629	0
596	629	0
596	630	0
597	630	0
597	631	0
598	631	0
598	632	0
599	632	0
599	633	0
600	633	0
600	634	0
601	634	0
601	635	0
602	635	0
602	636	0
603	636	0
603	637	0
604	637	0
604	638	0
605	638	0
605	639	0
606	639	0
606	640	0
607	640	0
607	641	0
608	641	0
608	642	0
609	642	0
609	643	0
610	643	0
610	644	0
611	644	0
611	645	0
612	645	0
612	646	0
613	646	0
613	647	0
614	647	0
614	648	0
615	648	0
615	649	0
616	649	0
616	650	0
617	650	0
617	651	0
618	651	0
618	652	0
619	652	0
619	653	0
620	653	0
620	654	0
621	654	0
621	655	0
622	655	0
622	656	0
623	656	0
623	657	0
624	657	0
624	658	0
625	658	0
625	659	0
626	659	1
627	628	0
628	629	0
629	630	0
630	631	0
631	632	0
632	633	0
633	634	0
634	635	0
635	636	0
636	637	0
637	638	0
638	639	0
639	640	0
640	641	0
641	642	0
642	643	0
643	644	0
644	645	0
645	646	0
646	647	0
647	648	0
648	649	0
649	650	0
650	651	0
651	652	0
652	653	0
653	654	0
654	655	0
655	656	0
656	657	0
657	658	0
658	659	0
627	660	1
627	661	0
628	661	0
628	662	0
629	662	0
629	663	0
630	663	0
630	664	0
631	664	0
631	665	0
632	665	0
632	666	0
633	666	0
633	667	0
634	667	0
634	668	0
635	668	0
635	669	0
636	669	0
636	670	0
637	670	0
637	671	0
638	671	0
638	672	0
639	672	0
639	673	0
640	673	0
640	674	0
641	674	0
641	675	0
642	675	0
642	676	0
643	676	0
643	677	0
644	677	0
644	678	0
645	678	0
645	679	0
646	679	0
646	680	0
647	680	0
647	681	0
648	681	0
648	682	0
649	682	0
649	683	0
650	683	0
650	684	0
651	684	0
651	685	0
652	685	0
652	686	0
653	686	0
653	687	0
654	687	0
654	688	0
655	688	0
655	689	0
656	689	0
656	690	0
657	690	0
657	691	0
658	691	0
658	692	0
659	692	1
660	661	0
661	662	0
662	663	0
663	664	0
664	665	0
665	666	0
666	667	0
667	668	0
668	669	0
669	670	0
670	671	0
671	672	0
672	673	0
673	674	0
674	675	0
675	676	0
676	677	0
677	678	0
678	679	0
679	680	0
680	681	0
681	682	0
682	683	0
683	684	0
684	685	0
685	686	0
686	687	0
687	688	0
688	689	0
689	690	0
690	691	0
691	692	0
660	693	1
660	694	0
661	694	0
661	695	0
662	695	0
662	696	0
663	696	0
663	697	0
664	697	0
664	698	0
665	698	0
665	699	0
666	699	0
666	700	0
667	700	0
667	701	0
668	701	0
668	702	0
669	702	0
669	703	0
670	703	0
670	704	0
671	704	0
671	705	0
672	705	0
672	706	0
673	706	0
673	707	0
674	707	0
674	708	0
675	708	0
675	709	0
676	709	0
676	710	0
677	710	0
677	711	0
678	711	0
678	712	0
679	712	0
679	713	0
680	713	0
680	714	0
681	714	0
681	715	0
682	715	0
682	716	0
683	716	0
683	717	0
684	717	0
684	718	0
685	718	0
685	719	0
686	719	0
686	720	0
687	720	0
687	721	0
688	721	0
688	722	0
689	722	0
689	723	0
690	723	0
690	724	0
691	724	0
691	725	0
692	725	1
693	694	0
694	695	0
695	696	0
696	697	0
697	698	0
698	699	0
699	700	0
700	701	0
701	702	0
702	703	0
703	704	0
704	705	0
705	706	0
706	707	0
707	708	0
708	709	0
709	710	0
710	711	0
711	712	0
712	713	0
713	714	0
714	715	0
715	716	0
716	717	0
717	718	0
718	719	0
719	720	0
720	721	0
721	722	0
722	723	0
723	724	0
724	725	0
693	726	1
693	727	0
694	727	0
694	728	0
695	728	0
695	729	0
696	729	0
696	730	0
697	730	0
697	731	0
698	731	0
698	732	0
699	732	0
699	733	0
700	733	0
700	734	0
701	734	0
701	735	0
702	735	0
702	736	0
703	736	0
703	737	0
704	737	0
704	738	0
705	738	0
705	739	0
706	739	0
706	740	0
707	740	0
707	741	0
708	741	0
708	742	0
709	742	0
709	743	0
710	743	0
710	744	0
711	744	0
711	745	0
712	745	0
712	746	0
713	746	0
713	747	0
714	747	0
714	748	0
715	748	0
715	749	0
716	749	0
716	750	0
717	750	0
717	751	0
718	751	0
718	752	0
719	752	0
719	753	0
720	753	0
720	754	0
721	754	0
721	755	0
722	755	0
722	756	0
723	756	0
723	757	0
724	757	0
724	758	0
725	758	1
726	727	0
727	728	0
728	729	0
729	730	0
730	731	0
731	732	0
732	733	0
733	734	0
734	735	0
735	736	0
736	737	0
737	738	0
738	739	0
739	740	0
740	741	0
741	742	0
742	743	0
743	744	0
744	745	0
745	746	0
746	747	0
747	748	0
748	749	0
749	750	0
750	751	0
751	752	0
752	753	0
753	754	0
754	755	0
755	756	0
756	757	0
757	758	0
726	759	1
726	760	0
727	760	0
727	761	0
728	761	0
728	762	0
729	762	0
729	763	0
730	763	0
730	764	0
731	764	0
731	765	0
732	765	0
732	766	0
733	766	0
733	767	0
734	767	0
734	768	0
735	768	0
735	769	0
736	769	0
736	770	0
737	770	0
737	771	0
738	771	0
738	772	0
739	772	0
739	773	0
740	773	0
740	774	0
741	774	0
741	775	0
742	775	0
742	776	0
743	776	0
743	777	0
744	777	0
744	778	0
745	778	0
745	779	0
746	779	0
746	780	0
747	780	0
747	781	0
748	781	0
748	782	0
749	782	0
749	783	0
750	783	0
750	784	0
751	784	0
751	785	0
752	785	0
752	786	0
753	786	0
753	787	0
754	787	0
754	788	0
755	788	0
755	789	0
756	789	0
756	790	0
757	790	0
757	791	0
758	791	1
759	760	0
760	761	0
761	762	0
762	763	0
763	764	0
764	765	0
765	766	0
766	767	0
767	768	0
768	769	0
769	770	0
770	771	0
771	772	0
772	773	0
773	774	0
774	775	0
775	776	0
776	777	0
777	778	0
778	779	0
779	780	0
780	781	0
781	782	0
782	783	0
783	784	0
784	785	0
785	786	0
786	787	0
787	788	0
788	789	0
789	790	0
790	791	0
759	792	1
759	793	0
760	793	0
760	794	0
761	794	0
761	795	0
762	795	0
762	796	0
763	796	0
763	797	0
764	797	0
764	798	0
765	798	0
765	799	0
766	799	0
766	800	0
767	800	0
767	801	0
768	801	0
768	802	0
769	802	0
769	803	0
770	803	0
770	804	0
771	804	0
771	805	0
772	805	0
772	806	0
773	806	0
773	807	0
774	807	0
774	808	0
775	808	0
775	809	0
776	809	0
776	810	0
777	810	0
777	811	0
778	811	0
778	812	0
779	812	0
779	813	0
780	813	0
780	814	0
781	814	0
781	815	0
782	815	0
782	816	0
783	816	0
783	817	0
784	817	0
784	818	0
785	818	0
785	819	0
786	819	0
786	820	0
787	820	0
787	821	0
788	821	0
788	822	0
789	822	0
789	823	0
790	823	0
790	824	0
791	824	1
792	793	0
793	794	0
794	795	0
795	796	0
796	797	0
797	798	0
798	799	0
799	800	0
800	801	0
801	802	0
802	803	0
803	804	0
804	805	0
805	806	0
806	807	0
807	808	0
808	809	0
809	810	0
810	811	0
811	812	0
812	813	0
813	814	0
814	815	0
815	816	0
816	817	0
817	818	0
818	819	0
819	820	0
820	821	0
821	822	0
822	823	0
823	824	0
792	825	1
792	826	0
793	826	0
793	827	0
794	827	0
794	828	0
795	828	0
795	829	0
796	829	0
796	830	0
797	830	0
797	831	0
798	831	0
798	832	0
799	832	0
799	833	0
800	833	0
800	834	0
801	834	0
801	835	0
802	835	0
802	836	0
803	836	0
803	837	0
804	837	0
804	838	0
805	838	0
805	839	0
806	839	0
806	840	0
807	840	0
807	841	0
808	841	0
808	842	0
809	842	0
809	843	0
810	843	0
810	844	0
811	844	0
811	845	0
812	845	0
812	846	0
813	846	0
813	847	0
814	847	0
814	848	0
815	848	0
815	849	0
816	849	0
816	850	0
817	850	0
817	851	0
818	851	0
818	852	0
819	852	0
819	853	0
820	853	0
820	854	0
821	854	0
821	855	0
822	855	0
822	856	0
823	856	0
823	857	0
824	857	1
825	826	0
826	827	0
827	828	0
828	829	0
829	830	0
830	831	0
831	832	0
832	833	0
833	834	0
834	835	0
835	836	0
836	837	0
837	838	0
838	839	0
839	840	0
840	841	0
841	842	0
842	843	0
843	844	0
844	845	0
845	846	0
846	847	0
847	848	0
848	849	0
849	850	0
850	851	0
851	852	0
852	853	0
853	854	0
854	855	0
855	856	0
856	857	0
825	858	1
825	859	0
826	859	0
826	860	0
827	860	0
827	861	0
828	861	0
828	862	0
829	862	0
829	863	0
830	863	0
830	864	0
831	864	0
831	865	0
832	865	0
832	866	0
833	866	0
833	867	0
834	867	0
834	868	0
835	868	0
835	869	0
836	869	0
836	870	0
837	870	0
837	871	0
838	871	0
838	872	0
839	872	0
839	873	0
840	873	0
840	874	0
841	874	0
841	875	0
842	875	0
842	876	0
843	876	0
843	877	0
844	877	0
844	878	0
845	878	0
845	879	0
846	879	0
846	880	0
847	880	0
847	881	0
848	881	0
848	882	0
849	882	0
849	883	0
850	883	0
850	884	0
851	884	0
851	885	0
852	885	0
852	886	0
853	886	0
853	887	0
854	887	0
854	888	0
855	888	0
855	889	0
856	889	0
856	890	0
857	890	1
858	859	0
859	860	0
860	861	0
861	862	0
862	863	0
863	864	0
864	865	0
865	866	0
866	867	0
867	868	0
868	869	0
869	870	0
870	871	0
871	872	0
872	873	0
873	874	0
874	875	0
875	876	0
876	877	0
877	878	0
878	879	0
879	880	0
880	881	0
881	882	0
882	883	0
883	884	0
884	885	0
885	886	0
886	887	0
887	888	0
888	889	0
889	890	0
858	891	1
858	892	0
859	892	0
859	893	0
860	893	0
860	894	0
861	894	0
861	895	0
862	895	0
862	896	0
863	896	0
863	897	0
864	897	0
864	898	0
865	898	0
865	899	0
866	899	0
866	900	0
867	900	0
867	901	0
868	901	0
868	902	0
869	902	0
869	903	0
870	903	0
870	904	0
871	904	0
871	905	0
872	905	0
872	906	0
873	906	0
873	907	0
874	907	0
874	908	0
875	908	0
875	909	0
876	909	0
876	910	0
877	910	0
877	911	0
878	911	0
878	912	0
879	912	0
879	913	0
880	913	0
880	914	0
881	914	0
881	915	0
882	915	0
882	916	0
883	916	0
883	917	0
884	917	0
884	918	0
885	918	0
885	919	0
886	919	0
886	920	0
887	920	0
887	921	0
888	921	0
888	922	0
889	922	0
889	923	0
890	923	1
891	892	0
892	893	0
893	894	0
894	895	0
895	896	0
896	897	0
897	898	0
898	899	0
899	900	0
900	901	0
901	902	0
902	903	0
903	904	0
904	905	0
905	906	0
906	907	0
907	908	0
908	909	0
909	910	0
910	911	0
911	912	0
912	913	0
913	914	0
914	915	0
915	916	0
916	917	0
917	918	0
918	919	0
919	920	0
920	921	0
921	922	0
922	923	0
891	924	1
891	925	0
892	925	0
892	926	0
893	926	0
893	927	0
894	927	0
894	928	0
895	928	0
895	929	0
896	929	0
896	930	0
897	930	0
897	931	0
898	931	0
898	932	0
899	932	0
899	933	0
900	933	0
900	934	0
901	934	0
901	935	0
902	935	0
902	936	0
903	936	0
903	937	0
904	937	0
904	938	0
905	938	0
905	939	0
906	939	0
906	940	0
907	940	0
907	941	0
908	941	0
908	942	0
909	942	0
909	943	0
910	943	0
910	944	0
911	944	0
911	945	0
912	945	0
912	946	0
913	946	0
913	947	0
914	947	0
914	948	0
915	948	0
915	949	0
916	949	0
916	950	0
917	950	0
917	951	0
918	951	0
918	952	0
919	952	0
919	953	0
920	953	0
920	954	0
921	954	0
921	955	0
922	955	0
922	956	0
923	956	1
924	925	0
925	926	0
926	927	0
927	928	0
928	929	0
929	930	0
930	931	0
931	932	0
932	933	0
933	934	0
934	935	0
935	936	0
936	937	0
937	938	0
938	939	0
939	940	0
940	941	0
941	942	0
942	943	0
943	944	0
944	945	0
945	946	0
946	947	0
947	948	0
948	949	0
949	950	0
950	951	0
951	952	0
952	953	0
953	954	0
954	955	0
955	956	0
924	957	1
924	958	0
925	958	0
925	959	0
926	959	0
926	960	0
927	960	0
927	961	0
928	961	0
928	962	0
929	962	0
929	963	0
930	963	0
930	964	0
931	964	0
931	965	0
932	965	0
932	966	0
933	966	0
933	967	0
934	967	0
934	968	0
935	968	0
935	969	0
936	969	0
936	970	0
937	970	0
937	971	0
938	971	0
938	972	0
939	972	0
939	973	0
940	973	0
940	974	0
941	974	0
941	975	0
942	975	0
942	976	0
943	976	0
943	977	0
944	977	0
944	978	0
945	978	0
945	979	0
946	979	0
946	980	0
947	980	0
947	981	0
948	981	0
948	982	0
949	982	0
949	983	0
950	983	0
950	984	0
951	984	0
951	985	0
952	985	0
952	986	0
953	986	0
953	987	0
954	987	0
954	988	0
955	988	0
955	989	0
956	989	1
957	958	0
958	959	0
959	960	0
960	961	0
961	962	0
962	963	0
963	964	0
964	965	0
965	966	0
966	967	0
967	968	0
968	969	0
969	970	0
970	971	0
971	972	0
972	973	0
973	974	0
974	975	0
975	976	0
976	977	0
977	978	0
978	979	0
979	980	0
980	981	0
981	982	0
982	983	0
983	984	0
984	985	0
985	986	0
986	987	0
987	988	0
988	989	0
957	990	1
957	991	0
958	991	0
958	992	0
959	992	0
959	993	0
960	993	0
960	994	0
961	994	0
961	995	0
962	995	0
962	996	0
963	996	0
963	997	0
964	997	0
964	998	0
965	998	0
965	999	0
966	999	0
966	1000	0
967	1000	0
967	1001	0
968	1001	0
968	1002	0
969	1002	0
969	1003	0
970	1003	0
970	1004	0
971	1004	0
971	1005	0
972	1005	0
972	1006	0
973	1006	0
973	1007	0
974	1007	0
974	1008	0
975	1008	0
975	1009	0
976	1009	0
976	1010	0
977	1010	0
977	1011	0
978	1011	0
978	1012	0
979	1012	0
979	1013	0
980	1013	0
980	1014	0
981	1014	0
981	1015	0
982	1015	0
982	1016	0
983	1016	0
983	1017	0
984	1017	0
984	1018	0
985	1018	0
985	1019	0
986	1019	0
986	1020	0
987	1020	0
987	1021	0
988	1021	0
988	1022	0
989	1022	1
990	991	0
991	992	0
992	993	0
993	994	0
994	995	0
995	996	0
996	997	0
997	998	0
998	999	0
999	1000	0
1000	1001	0
1001	1002	0
1002	1003	0
1003	1004	0
1004	1005	0
1005	1006	0
1006	1007	0
1007	1008	0
1008	1009	0
1009	1010	0
1010	1011	0
1011	1012	0
1012	1013	0
1013	1014	0
1014	1015	0
1015	1016	0
1016	1017	0
1017	1018	0
1018	1019	0
1019	1020	0
1020	1021	0
1021	1022	0
990	1023	1
990	1024	0
991	1024	0
991	1025	0
992	1025	0
992	1026	0
993	1026	0
993	1027	0
994	1027	0
994	1028	0
995	1028	0
995	1029	0
996	1029	0
996	1030	0
997	1030	0
997	1031	0
998	1031	0
998	1032	0
999	1032	0
999	1033	0
1000	1033	0
1000	1034	0
1001	1034	0
1001	1035	0
1002	1035	0
1002	1036	0
1003	1036	0
1003	1037	0
1004	1037	0
1004	1038	0
1005	1038	0
1005	1039	0
1006	1039	0
1006	1040	0
1007	1040	0
1007	1041	0
1008	1041	0
1008	1042	0
1009	1042	0
1009	1043	0
1010	1043	0
1010	1044	0
1011	1044	0
1011	1045	0
1012	1045	0
1012	1046	0
1013	1046	0
1013	1047	0
1014	1047	0
1014	1048	0
1015	1048	0
1015	1049	0
1016	1049	0
1016	1050	0
1017	1050	0
1017	1051	0
1018	1051	0
1018	1052	0
1019	1052	0
1019	1053	0
1020	1053	0
1020	1054	0
1021	1054	0
1021	1055	0
1022	1055	1
1023	1024	0
1024	1025	0
1025	1026	0
1026	1027	0
1027	1028	0
1028	1029	0
1029	1030	0
1030	1031	0
1031	1032	0
1032	1033	0
1033	1034	0
1034	1035	0
1035	1036	0
1036	1037	0
1037	1038	0
1038	1039	0
1039	1040	0
1040	1041	0
1041	1042	0
1042	1043	0
1043	1044	0
1044	1045	0
1045	1046	0
1046	1047	0
1047	1048	0
1048	1049	0
1049	1050	0
1050	1051	0
1051	1052	0
1052	1053	0
1053	1054	0
1054	1055	0
1023	1056	1
1023	1057	0
1024	1057	0
1024	1058	0
1025	1058	0
1025	1059	0
1026	1059	0
1026	1060	0
1027	1060	0
1027	1061	0
1028	1061	0
1028	1062	0
1029	1062	0
1029	1063	0
1030	1063	0
1030	1064	0
1031	1064	0
1031	1065	0
1032	1065	0
1032	1066	0
1033	1066	0
1033	1067	0
1034	1067	0
1034	1068	0
1035	1068	0
1035	1069	0
1036	1069	0
1036	1070	0
1037	1070	0
1037	1071	0
1038	1071	0
1038	1072	0
1039	1072	0
1039	1073	0
1040	1073	0
1040	1074	0
1041	1074	0
1041	1075	0
1042	1075	0
1042	1076	0
1043	1076	0
1043	1077	0
1044	1077	0
1044	1078	0
1045	1078	0
1045	1079	0
1046	1079	0
1046	1080	0
1047	1080	0
1047	1081	0
1048	1081	0
1048	1082	0
1049	1082	0
1049	1083	0
1050	1083	0
1050	1084	0
1051	1084	0
1051	1085	0
1052	1085	0
1052	1086	0
1053	1086	0
1053	1087	0
1054	1087	0
1054	1088	0
1055	1088	1
1056	1057	1
1057	1058	1
1058	1059	1
1059	1060	1
1060	1061	1
1061	1062	1
1062	1063	1
1063	1064	1
1064	1065	1
1065	1066	1
1066	1067	1
1067	1068	1
1068	1069	1
1069	1070	1
1070	1071	1
1071	1072	1
1072	1073	1
1073	1074	1
1074	1075	1
1075	1076	1
1076	1077	1
1077	1078	1
1078	1079	1
1079	1080	1
1080	1081	1
1081	1082	1
1082	1083	1
1083	1084	1
1084	1085	1
1085	1086	1
1086	1087	1
1087	1088	1
3	0	34	33	
3	0	1	34	
3	1	35	34	
3	1	2	35	
3	2	36	35	
3	2	3	36	
3	3	37	36	
3	3	4	37	
3	4	38	37	
3	4	5	38	
3	5	39	38	
3	5	6	39	
3	6	40	39	
3	6	7	40	
3	7	41	40	
3	7	8	41	
3	8	42	41	
3	8	9	42	
3	9	43	42	
3	9	10	43	
3	10	44	43	
3	10	11	44	
3	11	45	44	
3	11	12	45	
3	12	46	45	
3	12	13	46	
3	13	47	46	
3	13	14	47	
3	14	48	47	
3	14	15	48	
3	15	49	48	
3	15	16	49	
3	16	50	49	
3	16	17	50	
3	17	51	50	
3	17	18	51	
3	18	52	51	
3	18	19	52	
3	19	53	52	
3	19	20	53	
3	20	54	53	
3	20	21	54	
3	21	55	54	
3	21	22	55	
3	22	56	55	
3	22	23	56	
3	23	57	56	
3	23	24	57	
3	24	58	57	
3	24	25	58	
3	25	59	58	
3	25	26	59	
3	26	60	59	
3	26	27	60	
3	27	61	60	
3	27	28	61	
3	28	62	61	
3	28	29	62	
3	29	63	62	
3	29	30	63	
3	30	64	63	
3	30	31	64	
3	31	65	64	
3	31	32	65	
3	33	67	66	
3	33	34	67	
3	34	68	67	
3	34	35	68	
3	35	69	68	
3	35	36	69	
3	36	70	69	
3	36	37	70	
3	37	71	70	
3	37	38	71	
3	38	72	71	
3	38	39	72	
3	39	73	72	
3	39	40	73	
3	40	74	73	
3	40	41	74	
3	41	75	74	
3	41	42	75	
3	42	76	75	
3	42	43	76	
3	43	77	76	
3	43	44	77	
3	44	78	77	
3	44	45	78	
3	45	79	78	
3	45	46	79	
3	46	80	79	
3	46	47	80	
3	47	81	80	
3	47	48	81	
3	48	82	81	
3	48	49	82	
3	49	83	82	
3	49	50	83	
3	50	84	83	
3	50	51	84	
3	51	85	84	
3	51	52	85	
3	52	86	85	
3	52	53	86	
3	53	87	86	
3	53	54	87	
3	54	88	87	
3	54	55	88	
3	55	89	88	
3	55	56	89	
3	56	90	89	
3	56	57	90	
3	57	91	90	
3	57	58	91	
3	58	92	91	
3	58	59	92	
3	59	93	92	
3	59	60	93	
3	60	94	93	
3	60	61	94	
3	61	95	94	
3	61	62	95	
3	62	96	95	
3	62	63	96	
3	63	97	96	
3	63	64	97	
3	64	98	97	
3	64	65	98	
3	66	100	99	
3	66	67	100	
3	67	101	100	
3	67	68	101	
3	68	102	101	
3	68	69	102	
3	69	103	102	
3	69	70	103	
3	70	104	103	
3	70	71	104	
3	71	105	104	
3	71	72	105	
3	72	106	105	
3	72	73	106	
3	73	107	106	
3	73	74	107	
3	74	108	107	
3	74	75	108	
3	75	109	108	
3	75	76	109	
3	76	110	109	
3	76	77	110	
3	77	111	110	
3	77	78	111	
3	78	112	111	
3	78	79	112	
3	79	113	112	
3	79	80	113	
3	80	114	113	
3	80	81	114	
3	81	115	114	
3	81	82	115	
3	82	116	115	
3	82	83	116	
3	83	117	116	
3	83	84	117	
3	84	118	117	
3	84	85	118	
3	85	119	118	
3	85	86	119	
3	86	120	119	
3	86	87	120	
3	87	121	120	
3	87	88	121	
3	88	122	121	
3	88	89	122	
3	89	123	122	
3	89	90	123	
3	90	124	123	
3	90	91	124	
3	91	125	124	
3	91	92	125	
3	92	126	125	
3	92	93	126	
3	93	127	126	
3	93	94	127	
3	94	128	127	
3	94	95	128	
3	95	129	128	
3	95	96	129	
3	96	130	129	
3	96	97	130	
3	97	131	130	
3	97	98	131	
3	99	133	132	
3	99	100	133	
3	100	134	133	
3	100	101	134	
3	101	135	134	
3	101	102	135	
3	102	136	135	
3	102	103	136	
3	103	137	136	
3	103	104	137	
3	104	138	137	
3	104	105	138	
3	105	139	138	
3	105	106	139	
3	106	140	139	
3	106	107	140	
3	107	141	140	
3	107	108	141	
3	108	142	141	
3	108	109	142	
3	109	143	142	
3	109	110	143	
3	110	144	143	
3	110	111	144	
3	111	145	144	
3	111	112	145	
3	112	146	145	
3	112	113	146	
3	113	147	146	
3	113	114	147	
3	114	148	147	
3	114	115	148	
3	115	149	148	
3	115	116	149	
3	116	150	149	
3	116	117	150	
3	117	151	150	
3	117	118	151	
3	118	152	151	
3	118	119	152	
3	119	153	152	
3	119	120	153	
3	120	154	153	
3	120	121	154	
3	121	155	154	
3	121	122	155	
3	122	156	155	
3	122	123	156	
3	123	157	156	
3	123	124	157	
3	124	158	157	
3	124	125	158	
3	125	159	158	
3	125	126	159	
3	126	160	159	
3	126	127	160	
3	127	161	160	
3	127	128	161	
3	128	162	161	
3	128	129	162	
3	129	163	162	
3	129	130	163	
3	130	164	163	
3	130	131	164	
3	132	166	165	
3	132	133	166	
3	133	167	166	
3	133	134	167	
3	134	168	167	
3	134	135	168	
3	135	169	168	
3	135	136	169	
3	136	170	169	
3	136	137	170	
3	137	171	170	
3	137	138	171	
3	138	172	171	
3	138	139	172	
3	139	173	172	
3	139	140	173	
3	140	174	173	
3	140	141	174	
3	141	175	174	
3	141	142	175	
3	142	176	175	
3	142	143	176	
3	143	177	176	
3	143	144	177	
3	144	178	177	
3	144	145	178	
3	145	179	178	
3	145	146	179	
3	146	180	179	
3	146	147	180	
3	147	181	180	
3	147	148	181	
3	148	182	181	
3	148	149	182	
3	149	183	182	
3	149	150	183	
3	150	184	183	
3	150	151	184	
3	151	185	184	
3	151	152	185	
3	152	186	185	
3	152	153	186	
3	153	187	186	
3	153	154	187	
3	154	188	187	
3	154	155	188	
3	155	189	188	
3	155	156	189	
3	156	190	189	
3	156	157	190	
3	157	191	190	
3	157	158	191	
3	158	192	191	
3	158	159	192	
3	159	193	192	
3	159	160	193	
3	160	194	193	
3	160	161	194	
3	161	195	194	
3	161	162	195	
3	162	196	195	
3	162	163	196	
3	163	197	196	
3	163	164	197	
3	165	199	198	
3	165	166	199	
3	166	200	199	
3	166	167	200	
3	167	201	200	
3	167	168	201	
3	168	202	201	
3	168	169	202	
3	169	203	202	
3	169	170	203	
3	170	204	203	
3	170	171	204	
3	171	205	204	
3	171	172	205	
3	172	206	205	
3	172	173	206	
3	173	207	206	
3	173	174	207	
3	174	208	207	
3	174	175	208	
3	175	209	208	
3	175	176	209	
3	176	210	209	
3	176	177	210	
3	177	211	210	
3	177	178	211	
3	178	212	211	
3	178	179	212	
3	179	213	212	
3	179	180	213	
3	180	214	213	
3	180	181	214	
3	181	215	214	
3	181	182	215	
3	182	216	215	
3	182	183	216	
3	183	217	216	
3	183	184	217	
3	184	218	217	
3	184	185	218	
3	185	219	218	
3	185	186	219	
3	186	220	219	
3	186	187	220	
3	187	221	220	
3	187	188	221	
3	188	222	221	
3	188	189	222	
3	189	223	222	
3	189	190	223	
3	190	224	223	
3	190	191	224	
3	191	225	224	
3	191	192	225	
3	192	226	225	
3	192	193	226	
3	193	227	226	
3	193	194	227	
3	194	228	227	
3	194	195	228	
3	195	229	228	
3	195	196	229	
3	196	230	229	
3	196	197	230	
3	198	232	231	
3	198	199	232	
3	199	233	232	
3	199	200	233	
3	200	234	233	
3	200	201	234	
3	201	235	234	
3	201	202	235	
3	202	236	235	
3	202	203	236	
3	203	237	236	
3	203	204	237	
3	204	238	237	
3	204	205	238	
3	205	239	238	
3	205	206	239	
3	206	240	239	
3	206	207	240	
3	207	241	240	
3	207	208	241	
3	208	242	241	
3	208	209	242	
3	209	243	242	
3	209	210	243	
3	210	244	243	
3	210	211	244	
3	211	245	244	
3	211	212	245	
3	212	246	245	
3	212	213	246	
3	213	247	246	
3	213	214	247	
3	214	248	247	
3	214	215	248	
3	215	249	248	
3	215	216	249	
3	216	250	249	
3	216	217	250	
3	217	251	250	
3	217	218	251	
3	218	252	251	
3	218	219	252	
3	219	253	252	
3	219	220	253	
3	220	254	253	
3	220	221	254	
3	221	255	254	
3	221	222	255	
3	222	256	255	
3	222	223	256	
3	223	257	256	
3	223	224	257	
3	224	258	257	
3	224	225	258	
3	225	259	258	
3	225	226	259	
3	226	260	259	
3	226	227	260	
3	227	261	260	
3	227	228	261	
3	228	262	261	
3	228	229	262	
3	229	263	262	
3	229	230	263	
3	231	265	264	
3	231	232	265	
3	232	266	265	
3	232	233	266	
3	233	267	266	
3	233	234	267	
3	234	268	267	
3	234	235	268	
3	235	269	268	
3	235	236	269	
3	236	270	269	
3	236	237	270	
3	237	271	270	
3	237	238	271	
3	238	272	271	
3	238	239	272	
3	239	273	272	
3	239	240	273	
3	240	274	273	
3	240	241	274	
3	241	275	274	
3	241	242	275	
3	242	276	275	
3	242	243	276	
3	243	277	276	
3	243	244	277	
3	244	278	277	
3	244	245	278	
3	245	279	278	
3	245	246	279	
3	246	280	279	
3	246	247	280	
3	247	281	280	
3	247	248	281	
3	248	282	281	
3	248	249	282	
3	249	283	282	
3	249	250	283	
3	250	284	283	
3	250	251	284	
3	251	285	284	
3	251	252	285	
3	252	286	285	
3	252	253	286	
3	253	287	286	
3	253	254	287	
3	254	288	287	
3	254	255	288	
3	255	289	288	
3	255	256	289	
3	256	290	289	
3	256	257	290	
3	257	291	290	
3	257	258	291	
3	258	292	291	
3	258	259	292	
3	259	293	292	
3	259	260	293	
3	260	294	293	
3	260	261	294	
3	261	295	294	
3	261	262	295	
3	262	296	295	
3	262	263	296	
3	264	298	297	
3	264	265	298	
3	265	299	298	
3	265	266	299	
3	266	300	299	
3	266	267	300	
3	267	301	300	
3	267	268	301	
3	268	302	301	
3	268	269	302	
3	269	303	302	
3	269	270	303	
3	270	304	303	
3	270	271	304	
3	271	305	304	
3	271	272	305	
3	272	306	305	
3	272	273	306	
3	273	307	306	
3	273	274	307	
3	274	308	307	
3	274	275	308	
3	275	309	308	
3	275	276	309	
3	276	310	309	
3	276	277	310	
3	277	311	310	
3	277	278	311	
3	278	312	311	
3	278	279	312	
3	279	313	312	
3	279	280	313	
3	280	314	313	
3	280	281	314	
3	281	315	314	
3	281	282	315	
3	282	316	315	
3	282	283	316	
3	283	317	316	
3	283	284	317	
3	284	318	317	
3	284	285	318	
3	285	319	318	
3	285	286	319	
3	286	320	319	
3	286	287	320	
3	287	321	320	
3	287	288	321	
3	288	322	321	
3	288	289	322	
3	289	323	322	
3	289	290	323	
3	290	324	323	
3	290	291	324	
3	291	325	324	
3	291	292	325	
3	292	326	325	
3	292	293	326	
3	293	327	326	
3	293	294	327	
3	294	328	327	
3	294	295	328	
3	295	329	328	
3	295	296	329	
3	297	331	330	
3	297	298	331	
3	298	332	331	
3	298	299	332	
3	299	333	332	
3	299	300	333	
3	300	334	333	
3	300	301	334	
3	301	335	334	
3	301	302	335	
3	302	336	335	
3	302	303	336	
3	303	337	336	
3	303	304	337	
3	304	338	337	
3	304	305	338	
3	305	339	338	
3	305	306	339	
3	306	340	339	
3	306	307	340	
3	307	341	340	
3	307	308	341	
3	308	342	341	
3	308	309	342	
3	309	343	342	
3	309	310	343	
3	310	344	343	
3	310	311	344	
3	311	345	344	
3	311	312	345	
3	312	346	345	
3	312	313	346	
3	313	347	346	
3	313	314	347	
3	314	348	347	
3	314	315	348	
3	315	349	348	
3	315	316	349	
3	316	350	349	
3	316	317	350	
3	317	351	350	
3	317	318	351	
3	318	352	351	
3	318	319	352	
3	319	353	352	
3	319	320	353	
3	320	354	353	
3	320	321	354	
3	321	355	354	
3	321	322	355	
3	322	356	355	
3	322	323	356	
3	323	357	356	
3	323	324	357	
3	324	358	357	
3	324	325	358	
3	325	359	358	
3	325	326	359	
3	326	360	359	
3	326	327	360	
3	327	361	360	
3	327	328	361	
3	328	362	361	
3	328	329	362	
3	330	364	363	
3	330	331	364	
3	331	365	364	
3	331	332	365	
3	332	366	365	
3	332	333	366	
3	333	367	366	
3	333	334	367	
3	334	368	367	
3	334	335	368	
3	335	369	368	
3	335	336	369	
3	336	370	369	
3	336	337	370	
3	337	371	370	
3	337	338	371	
3	338	372	371	
3	338	339	372	
3	339	373	372	
3	339	340	373	
3	340	374	373	
3	340	341	374	
3	341	375	374	
3	341	342	375	
3	342	376	375	
3	342	343	376	
3	343	377	376	
3	343	344	377	
3	344	378	377	
3	344	345	378	
3	345	379	378	
3	345	346	379	
3	346	380	379	
3	346	347	380	
3	347	381	380	
3	347	348	381	
3	348	382	381	
3	348	349	382	
3	349	383	382	
3	349	350	383	
3	350	384	383	
3	350	351	384	
3	351	385	384	
3	351	352	385	
3	352	386	385	
3	352	353	386	
3	353	387	386	
3	353	354	387	
3	354	388	387	
3	354	355	388	
3	355	389	388	
3	355	356	389	
3	356	390	389	
3	356	357	390	
3	357	391	390	
3	357	358	391	
3	358	392	391	
3	358	359	392	
3	359	393	392	
3	359	360	393	
3	360	394	393	
3	360	361	394	
3	361	395	394	
3	361	362	395	
3	363	397	396	
3	363	364	397	
3	364	398	397	
3	364	365	398	
3	365	399	398	
3	365	366	399	
3	366	400	399	
3	366	367	400	
3	367	401	400	
3	367	368	401	
3	368	402	401	
3	368	369	402	
3	369	403	402	
3	369	370	403	
3	370	404	403	
3	370	371	404	
3	371	405	404	
3	371	372	405	
3	372	406	405	
3	372	373	406	
3	373	407	406	
3	373	374	407	
3	374	408	407	
3	374	375	408	
3	375	409	408	
3	375	376	409	
3	376	410	409	
3	376	377	410	
3	377	411	410	
3	377	378	411	
3	378	412	411	
3	378	379	412	
3	379	413	412	
3	379	380	413	
3	380	414	413	
3	380	381	414	
3	381	415	414	
3	381	382	415	
3	382	416	415	
3	382	383	416	
3	383	417	416	
3	383	384	417	
3	384	418	417	
3	384	385	418	
3	385	419	418	
3	385	386	419	
3	386	420	419	
3	386	387	420	
3	387	421	420	
3	387	388	421	
3	388	422	421	
3	388	389	422	
3	389	423	422	
3	389	390	423	
3	390	424	423	
3	390	391	424	
3	391	425	424	
3	391	392	425	
3	392	426	425	
3	392	393	426	
3	393	427	426	
3	393	394	427	
3	394	428	427	
3	394	395	428	
3	396	430	429	
3	396	397	430	
3	397	431	430	
3	397	398	431	
3	398	432	431	
3	398	399	432	
3	399	433	432	
3	399	400	433	
3	400	434	433	
3	400	401	434	
3	401	435	434	
3	401	402	435	
3	402	436	435	
3	402	403	436	
3	403	437	436	
3	403	404	437	
3	404	438	437	
3	404	405	438	
3	405	439	438	
3	405	406	439	
3	406	440	439	
3	406	407	440	
3	407	441	440	
3	407	408	441	
3	408	442	441	
3	408	409	442	
3	409	443	442	
3	409	410	443	
3	410	444	443	
3	410	411	444	
3	411	445	444	
3	411	412	445	
3	412	446	445	
3	412	413	446	
3	413	447	446	
3	413	414	447	
3	414	448	447	
3	414	415	448	
3	415	449	448	
3	415	416	449	
3	416	450	449	
3	416	417	450	
3	417	451	450	
3	417	418	451	
3	418	452	451	
3	418	419	452	
3	419	453	452	
3	419	420	453	
3	420	454	453	
3	420	421	454	
3	421	455	454	
3	421	422	455	
3	422	456	455	
3	422	423	456	
3	423	457	456	
3	423	424	457	
3	424	458	457	
3	424	425	458	
3	425	459	458	
3	425	426	459	
3	426	460	459	
3	426	427	460	
3	427	461	460	
3	427	428	461	
3	429	463	462	
3	429	430	463	
3	430	464	463	
3	430	431	464	
3	431	465	464	
3	431	432	465	
3	432	466	465	
3	432	433	466	
3	433	467	466	
3	433	434	467	
3	434	468	467	
3	434	435	468	
3	435	469	468	
3	435	436	469	
3	436	470	469	
3	436	437	470	
3	437	471	470	
3	437	438	471	
3	438	472	471	
3	438	439	472	
3	439	473	472	
3	439	440	473	
3	440	474	473	
3	440	441	474	
3	441	475	474	
3	441	442	475	
3	442	476	475	
3	442	443	476	
3	443	477	476	
3	443	444	477	
3	444	478	477	
3	444	445	478	
3	445	479	478	
3	445	446	479	
3	446	480	479	
3	446	447	480	
3	447	481	480	
3	447	448	481	
3	448	482	481	
3	448	449	482	
3	449	483	482	
3	449	450	483	
3	450	484	483	
3	450	451	484	
3	451	485	484	
3	451	452	485	
3	452	486	485	
3	452	453	486	
3	453	487	486	
3	453	454	487	
3	454	488	487	
3	454	455	488	
3	455	489	488	
3	455	456	489	
3	456	490	489	
3	456	457	490	
3	457	491	490	
3	457	458	491	
3	458	492	491	
3	458	459	492	
3	459	493	492	
3	459	460	493	
3	460	494	493	
3	460	461	494	
3	462	496	495	
3	462	463	496	
3	463	497	496	
3	463	464	497	
3	464	498	497	
3	464	465	498	
3	465	499	498	
3	465	466	499	
3	466	500	499	
3	466	467	500	
3	467	501	500	
3	467	468	501	
3	468	502	501	
3	468	469	502	
3	469	503	502	
3	469	470	503	
3	470	504	503	
3	470	471	504	
3	471	505	504	
3	471	472	505	
3	472	506	505	
3	472	473	506	
3	473	507	506	
3	473	474	507	
3	474	508	507	
3	474	475	508	
3	475	509	508	
3	475	476	509	
3	476	510	509	
3	476	477	510	
3	477	511	510	
3	477	478	511	
3	478	512	511	
3	478	479	512	
3	479	513	512	
3	479	480	513	
3	480	514	513	
3	480	481	514	
3	481	515	514	
3	481	482	515	
3	482	516	515	
3	482	483	516	
3	483	517	516	
3	483	484	517	
3	484	518	517	
3	484	485	518	
3	485	519	518	
3	485	486	519	
3	486	520	519	
3	486	487	520	
3	487	521	520	
3	487	488	521	
3	488	522	521	
3	488	489	522	
3	489	523	522	
3	489	490	523	
3	490	524	523	
3	490	491	524	
3	491	525	524	
3	491	492	525	
3	492	526	525	
3	492	493	526	
3	493	527	526	
3	493	494	527	
3	495	529	528	
3	495	496	529	
3	496	530	529	
3	496	497	530	
3	497	531	530	
3	497	498	531	
3	498	532	531	
3	498	499	532	
3	499	533	532	
3	499	500	533	
3	500	534	533	
3	500	501	534	
3	501	535	534	
3	501	502	535	
3	502	536	535	
3	502	503	536	
3	503	537	536	
3	503	504	537	
3	504	538	537	
3	504	505	538	
3	505	539	538	
3	505	506	539	
3	506	540	539	
3	506	507	540	
3	507	541	540	
3	507	508	541	
3	508	542	541	
3	508	509	542	
3	509	543	542	
3	509	510	543	
3	510	544	543	
3	510	511	544	
3	511	545	544	
3	511	512	545	
3	512	546	545	
3	512	513	546	
3	513	547	546	
3	513	514	547	
3	514	548	547	
3	514	515	548	
3	515	549	548	
3	515	516	549	
3	516	550	549	
3	516	517	550	
3	517	551	550	
3	517	518	551	
3	518	552	551	
3	518	519	552	
3	519	553	552	
3	519	520	553	
3	520	554	553	
3	520	521	554	
3	521	555	554	
3	521	522	555	
3	522	556	555	
3	522	523	556	
3	523	557	556	
3	523	524	557	
3	524	558	557	
3	524	525	558	
3	525	559	558	
3	525	526	559	
3	526	560	559	
3	526	527	560	
3	528	562	561	
3	528	529	562	
3	529	563	562	
3	529	530	563	
3	530	564	563	
3	530	531	564	
3	531	565	564	
3	531	532	565	
3	532	566	565	
3	532	533	566	
3	533	567	566	
3	533	534	567	
3	534	568	567	
3	534	535	568	
3	535	569	568	
3	535	536	569	
3	536	570	569	
3	536	537	570	
3	537	571	570	
3	537	538	571	
3	538	572	571	
3	538	539	572	
3	539	573	572	
3	539	540	573	
3	540	574	573	
3	540	541	574	
3	541	575	574	
3	541	542	575	
3	542	576	575	
3	542	543	576	
3	543	577	576	
3	543	544	577	
3	544	578	577	
3	544	545	578	
3	545	579	578	
3	545	546	579	
3	546	580	579	
3	546	547	580	
3	547	581	580	
3	547	548	581	
3	548	582	581	
3	548	549	582	
3	549	583	582	
3	549	550	583	
3	550	584	583	
3	550	551	584	
3	551	585	584	
3	551	552	585	
3	552	586	585	
3	552	553	586	
3	553	587	586	
3	553	554	587	
3	554	588	587	
3	554	555	588	
3	555	589	588	
3	555	556	589	
3	556	590	589	
3	556	557	590	
3	557	591	590	
3	557	558	591	
3	558	592	591	
3	558	559	592	
3	559	593	592	
3	559	560	593	
3	561	595	594	
3	561	562	595	
3	562	596	595	
3	562	563	596	
3	563	597	596	
3	563	564	597	
3	564	598	597	
3	564	565	598	
3	565	599	598	
3	565	566	599	
3	566	600	599	
3	566	567	600	
3	567	601	600	
3	567	568	601	
3	568	602	601	
3	568	569	602	
3	569	603	602	
3	569	570	603	
3	570	604	603	
3	570	571	604	
3	571	605	604	
3	571	572	605	
3	572	606	605	
3	572	573	606	
3	573	607	606	
3	573	574	607	
3	574	608	607	
3	574	575	608	
3	575	609	608	
3	575	576	609	
3	576	610	609	
3	576	577	610	
3	577	611	610	
3	577	578	611	
3	578	612	611	
3	578	579	612	
3	579	613	612	
3	579	580	613	
3	580	614	613	
3	580	581	614	
3	581	615	614	
3	581	582	615	
3	582	616	615	
3	582	583	616	
3	583	617	616	
3	583	584	617	
3	584	618	617	
3	584	585	618	
3	585	619	618	
3	585	586	619	
3	586	620	619	
3	586	587	620	
3	587	621	620	
3	587	588	621	
3	588	622	621	
3	588	589	622	
3	589	623	622	
3	589	590	623	
3	590	624	623	
3	590	591	624	
3	591	625	624	
3	591	592	625	
3	592	626	625	
3	592	593	626	
3	594	628	627	
3	594	595	628	
3	595	629	628	
3	595	596	629	
3	596	630	629	
3	596	597	630	
3	597	631	630	
3	597	598	631	
3	598	632	631	
3	598	599	632	
3	599	633	632	
3	599	600	633	
3	600	634	633	
3	600	601	634	
3	601	635	634	
3	601	602	635	
3	602	636	635	
3	602	603	636	
3	603	637	636	
3	603	604	637	
3	604	638	637	
3	604	605	638	
3	605	639	638	
3	605	606	639	
3	606	640	639	
3	606	607	640	
3	607	641	640	
3	607	608	641	
3	608	642	641	
3	608	609	642	
3	609	643	642	
3	609	610	643	
3	610	644	643	
3	610	611	644	
3	611	645	644	
3	611	612	645	
3	612	646	645	
3	612	613	646	
3	613	647	646	
3	613	614	647	
3	614	648	647	
3	614	615	648	
3	615	649	648	
3	615	616	649	
3	616	650	649	
3	616	617	650	
3	617	651	650	
3	617	618	651	
3	618	652	651	
3	618	619	652	
3	619	653	652	
3	619	620	653	
3	620	654	653	
3	620	621	654	
3	621	655	654	
3	621	622	655	
3	622	656	655	
3	622	623	656	
3	623	657	656	
3	623	624	657	
3	624	658	657	
3	624	625	658	
3	625	659	658	
3	625	626	659	
3	627	661	660	
3	627	628	661	
3	628	662	661	
3	628	629	662	
3	629	663	662	
3	629	630	663	
3	630	664	663	
3	630	631	664	
3	631	665	664	
3	631	632	665	
3	632	666	665	
3	632	633	666	
3	633	667	666	
3	633	634	667	
3	634	668	667	
3	634	635	668	
3	635	669	668	
3	635	636	669	
3	636	670	669	
3	636	637	670	
3	637	671	670	
3	637	638	671	
3	638	672	671	
3	638	639	672	
3	639	673	672	
3	639	640	673	
3	640	674	673	
3	640	641	674	
3	641	675	674	
3	641	642	675	
3	642	676	675	
3	642	643	676	
3	643	677	676	
3	643	644	677	
3	644	678	677	
3	644	645	678	
3	645	679	678	
3	645	646	679	
3	646	680	679	
3	646	647	680	
3	647	681	680	
3	647	648	681	
3	648	682	681	
3	648	649	682	
3	649	683	682	
3	649	650	683	
3	650	684	683	
3	650	651	684	
3	651	685	684	
3	651	652	685	
3	652	686	685	
3	652	653	686	
3	653	687	686	
3	653	654	687	
3	654	688	687	
3	654	655	688	
3	655	689	688	
3	655	656	689	
3	656	690	689	
3	656	657	690	
3	657	691	690	
3	657	658	691	
3	658	692	691	
3	658	659	692	
3	660	694	693	
3	660	661	694	
3	661	695	694	
3	661	662	695	
3	662	696	695	
3	662	663	696	
3	663	697	696	
3	663	664	697	
3	664	698	697	
3	664	665	698	
3	665	699	698	
3	665	666	699	
3	666	700	699	
3	666	667	700	
3	667	701	700	
3	667	668	701	
3	668	702	701	
3	668	669	702	
3	669	703	702	
3	669	670	703	
3	670	704	703	
3	670	671	704	
3	671	705	704	
3	671	672	705	
3	672	706	705	
3	672	673	706	
3	673	707	706	
3	673	674	707	
3	674	708	707	
3	674	675	708	
3	675	709	708	
3	675	676	709	
3	676	710	709	
3	676	677	710	
3	677	711	710	
3	677	678	711	
3	678	712	711	
3	678	679	712	
3	679	713	712	
3	679	680	713	
3	680	714	713	
3	680	681	714	
3	681	715	714	
3	681	682	715	
3	682	716	715	
3	682	683	716	
3	683	717	716	
3	683	684	717	
3	684	718	717	
3	684	685	718	
3	685	719	718	
3	685	686	719	
3	686	720	719	
3	686	687	720	
3	687	721	720	
3	687	688	721	
3	688	722	721	
3	688	689	722	
3	689	723	722	
3	689	690	723	
3	690	724	723	
3	690	691	724	
3	691	725	724	
3	691	692	725	
3	693	727	726	
3	693	694	727	
3	694	728	727	
3	694	695	728	
3	695	729	728	
3	695	696	729	
3	696	730	729	
3	696	697	730	
3	697	731	730	
3	697	698	731	
3	698	732	731	
3	698	699	732	
3	699	733	732	
3	699	700	733	
3	700	734	733	
3	700	701	734	
3	701	735	734	
3	701	702	735	
3	702	736	735	
3	702	703	736	
3	703	737	736	
3	703	704	737	
3	704	738	737	
3	704	705	738	
3	705	739	738	
3	705	706	739	
3	706	740	739	
3	706	707	740	
3	707	741	740	
3	707	708	741	
3	708	742	741	
3	708	709	742	
3	709	743	742	
3	709	710	743	
3	710	744	743	
3	710	711	744	
3	711	745	744	
3	711	712	745	
3	712	746	745	
3	712	713	746	
3	713	747	746	
3	713	714	747	
3	714	748	747	
3	714	715	748	
3	715	749	748	
3	715	716	749	
3	716	750	749	
3	716	717	750	
3	717	751	750	
3	717	718	751	
3	718	752	751	
3	718	719	752	
3	719	753	752	
3	719	720	753	
3	720	754	753	
3	720	721	754	
3	721	755	754	
3	721	722	755	
3	722	756	755	
3	722	723	756	
3	723	757	756	
3	723	724	757	
3	724	758	757	
3	724	725	758	
3	726	760	759	
3	726	727	760	
3	727	761	760	
3	727	728	761	
3	728	762	761	
3	728	729	762	
3	729	763	762	
3	729	730	763	
3	730	764	763	
3	730	731	764	
3	731	765	764	
3	731	732	765	
3	732	766	765	
3	732	733	766	
3	733	767	766	
3	733	734	767	
3	734	768	767	
3	734	735	768	
3	735	769	768	
3	735	736	769	
3	736	770	769	
3	736	737	770	
3	737	771	770	
3	737	738	771	
3	738	772	771	
3	738	739	772	
3	739	773	772	
3	739	740	773	
3	740	774	773	
3	740	741	774	
3	741	775	774	
3	741	742	775	
3	742	776	775	
3	742	743	776	
3	743	777	776	
3	743	744	777	
3	744	778	777	
3	744	745	778	
3	745	779	778	
3	745	746	779	
3	746	780	779	
3	746	747	780	
3	747	781	780	
3	747	748	781	
3	748	782	781	
3	748	749	782	
3	749	783	782	
3	749	750	783	
3	750	784	783	
3	750	751	784	
3	751	785	784	
3	751	752	785	
3	752	786	785	
3	752	753	786	
3	753	787	786	
3	753	754	787	
3	754	788	787	
3	754	755	788	
3	755	789	788	
3	755	756	789	
3	756	790	789	
3	756	757	790	
3	757	791	790	
3	757	758	791	
3	759	793	792	
3	759	760	793	
3	760	794	793	
3	760	761	794	
3	761	795	794	
3	761	762	795	
3	762	796	795	
3	762	763	796	
3	763	797	796	
3	763	764	797	
3	764	798	797	
3	764	765	798	
3	765	799	798	
3	765	766	799	
3	766	800	799	
3	766	767	800	
3	767	801	800	
3	767	768	801	
3	768	802	801	
3	768	769	802	
3	769	803	802	
3	769	770	803	
3	770	804	803	
3	770	771	804	
3	771	805	804	
3	771	772	805	
3	772	806	805	
3	772	773	806	
3	773	807	806	
3	773	774	807	
3	774	808	807	
3	774	775	808	
3	775	809	808	
3	775	776	809	
3	776	810	809	
3	776	777	810	
3	777	811	810	
3	777	778	811	
3	778	812	811	
3	778	779	812	
3	779	813	812	
3	779	780	813	
3	780	814	813	
3	780	781	814	
3	781	815	814	
3	781	782	815	
3	782	816	815	
3	782	783	816	
3	783	817	816	
3	783	784	817	
3	784	818	817	
3	784	785	818	
3	785	819	818	
3	785	786	819	
3	786	820	819	
3	786	787	820	
3	787	821	820	
3	787	788	821	
3	788	822	821	
3	788	789	822	
3	789	823	822	
3	789	790	823	
3	790	824	823	
3	790	791	824	
3	792	826	825	
3	792	793	826	
3	793	827	826	
3	793	794	827	
3	794	828	827	
3	794	795	828	
3	795	829	828	
3	795	796	829	
3	796	830	829	
3	796	797	830	
3	797	831	830	
3	797	798	831	
3	798	832	831	
3	798	799	832	
3	799	833	832	
3	799	800	833	
3	800	834	833	
3	800	801	834	
3	801	835	834	
3	801	802	835	
3	802	836	835	
3	802	803	836	
3	803	837	836	
3	803	804	837	
3	804	838	837	
3	804	805	838	
3	805	839	838	
3	805	806	839	
3	806	840	839	
3	806	807	840	
3	807	841	840	
3	807	808	841	
3	808	842	841	
3	808	809	842	
3	809	843	842	
3	809	810	843	
3	810	844	843	
3	810	811	844	
3	811	845	844	
3	811	812	845	
3	812	846	845	
3	812	813	846	
3	813	847	846	
3	813	814	847	
3	814	848	847	
3	814	815	848	
3	815	849	848	
3	815	816	849	
3	816	850	849	
3	816	817	850	
3	817	851	850	
3	817	818	851	
3	818	852	851	
3	818	819	852	
3	819	853	852	
3	819	820	853	
3	820	854	853	
3	820	821	854	
3	821	855	854	
3	821	822	855	
3	822	856	855	
3	822	823	856	
3	823	857	856	
3	823	824	857	
3	825	859	858	
3	825	826	859	
3	826	860	859	
3	826	827	860	
3	827	861	860	
3	827	828	861	
3	828	862	861	
3	828	829	862	
3	829	863	862	
3	829	830	863	
3	830	864	863	
3	830	831	864	
3	831	865	864	
3	831	832	865	
3	832	866	865	
3	832	833	866	
3	833	867	866	
3	833	834	867	
3	834	868	867	
3	834	835	868	
3	835	869	868	
3	835	836	869	
3	836	870	869	
3	836	837	870	
3	837	871	870	
3	837	838	871	
3	838	872	871	
3	838	839	872	
3	839	873	872	
3	839	840	873	
3	840	874	873	
3	840	841	874	
3	841	875	874	
3	841	842	875	
3	842	876	875	
3	842	843	876	
3	843	877	876	
3	843	844	877	
3	844	878	877	
3	844	845	878	
3	845	879	878	
3	845	846	879	
3	846	880	879	
3	846	847	880	
3	847	881	880	
3	847	848	881	
3	848	882	881	
3	848	849	882	
3	849	883	882	
3	849	850	883	
3	850	884	883	
3	850	851	884	
3	851	885	884	
3	851	852	885	
3	852	886	885	
3	852	853	886	
3	853	887	886	
3	853	854	887	
3	854	888	887	
3	854	855	888	
3	855	889	888	
3	855	856	889	
3	856	890	889	
3	856	857	890	
3	858	892	891	
3	858	859	892	
3	859	893	892	
3	859	860	893	
3	860	894	893	
3	860	861	894	
3	861	895	894	
3	861	862	895	
3	862	896	895	
3	862	863	896	
3	863	897	896	
3	863	864	897	
3	864	898	897	
3	864	865	898	
3	865	899	898	
3	865	866	899	
3	866	900	899	
3	866	867	900	
3	867	901	900	
3	867	868	901	
3	868	902	901	
3	868	869	902	
3	869	903	902	
3	869	870	903	
3	870	904	903	
3	870	871	904	
3	871	905	904	
3	871	872	905	
3	872	906	905	
3	872	873	906	
3	873	907	906	
3	873	874	907	
3	874	908	907	
3	874	875	908	
3	875	909	908	
3	875	876	909	
3	876	910	909	
3	876	877	910	
3	877	911	910	
3	877	878	911	
3	878	912	911	
3	878	879	912	
3	879	913	912	
3	879	880	913	
3	880	914	913	
3	880	881	914	
3	881	915	914	
3	881	882	915	
3	882	916	915	
3	882	883	916	
3	883	917	916	
3	883	884	917	
3	884	918	917	
3	884	885	918	
3	885	919	918	
3	885	886	919	
3	886	920	919	
3	886	887	920	
3	887	921	920	
3	887	888	921	
3	888	922	921	
3	888	889	922	
3	889	923	922	
3	889	890	923	
3	891	925	924	
3	891	892	925	
3	892	926	925	
3	892	893	926	
3	893	927	926	
3	893	894	927	
3	894	928	927	
3	894	895	928	
3	895	929	928	
3	895	896	929	
3	896	930	929	
3	896	897	930	
3	897	931	930	
3	897	898	931	
3	898	932	931	
3	898	899	932	
3	899	933	932	
3	899	900	933	
3	900	934	933	
3	900	901	934	
3	901	935	934	
3	901	902	935	
3	902	936	935	
3	902	903	936	
3	903	937	936	
3	903	904	937	
3	904	938	937	
3	904	905	938	
3	905	939	938	
3	905	906	939	
3	906	940	939	
3	906	907	940	
3	907	941	940	
3	907	908	941	
3	908	942	941	
3	908	909	942	
3	909	943	942	
3	909	910	943	
3	910	944	943	
3	910	911	944	
3	911	945	944	
3	911	912	945	
3	912	946	945	
3	912	913	946	
3	913	947	946	
3	913	914	947	
3	914	948	947	
3	914	915	948	
3	915	949	948	
3	915	916	949	
3	916	950	949	
3	916	917	950	
3	917	951	950	
3	917	918	951	
3	918	952	951	
3	918	919	952	
3	919	953	952	
3	919	920	953	
3	920	954	953	
3	920	921	954	
3	921	955	954	
3	921	922	955	
3	922	956	955	
3	922	923	956	
3	924	958	957	
3	924	925	958	
3	925	959	958	
3	925	926	959	
3	926	960	959	
3	926	927	960	
3	927	961	960	
3	927	928	961	
3	928	962	961	
3	928	929	962	
3	929	963	962	
3	929	930	963	
3	930	964	963	
3	930	931	964	
3	931	965	964	
3	931	932	965	
3	932	966	965	
3	932	933	966	
3	933	967	966	
3	933	934	967	
3	934	968	967	
3	934	935	968	
3	935	969	968	
3	935	936	969	
3	936	970	969	
3	936	937	970	
3	937	971	970	
3	937	938	971	
3	938	972	971	
3	938	939	972	
3	939	973	972	
3	939	940	973	
3	940	974	973	
3	940	941	974	
3	941	975	974	
3	941	942	975	
3	942	976	975	
3	942	943	976	
3	943	977	976	
3	943	944	977	
3	944	978	977	
3	944	945	978	
3	945	979	978	
3	945	946	979	
3	946	980	979	
3	946	947	980	
3	947	981	980	
3	947	948	981	
3	948	982	981	
3	948	949	982	
3	949	983	982	
3	949	950	983	
3	950	984	983	
3	950	951	984	
3	951	985	984	
3	951	952	985	
3	952	986	985	
3	952	953	986	
3	953	987	986	
3	953	954	987	
3	954	988	987	
3	954	955	988	
3	955	989	988	
3	955	956	989	
3	957	991	990	
3	957	958	991	
3	958	992	991	
3	958	959	992	
3	959	993	992	
3	959	960	993	
3	960	994	993	
3	960	961	994	
3	961	995	994	
3	961	962	995	
3	962	996	995	
3	962	963	996	
3	963	997	996	
3	963	964	997	
3	964	998	997	
3	964	965	998	
3	965	999	998	
3	965	966	999	
3	966	1000	999	
3	966	967	1000	
3	967	1001	1000	
3	967	968	1001	
3	968	1002	1001	
3	968	969	1002	
3	969	1003	1002	
3	969	970	1003	
3	970	1004	1003	
3	970	971	1004	
3	971	1005	1004	
3	971	972	1005	
3	972	1006	1005	
3	972	973	1006	
3	973	1007	1006	
3	973	974	1007	
3	974	1008	1007	
3	974	975	1008	
3	975	1009	1008	
3	975	976	1009	
3	976	1010	1009	
3	976	977	1010	
3	977	1011	1010	
3	977	978	1011	
3	978	1012	1011	
3	978	979	1012	
3	979	1013	1012	
3	979	980	1013	
3	980	1014	1013	
3	980	981	1014	
3	981	1015	1014	
3	981	982	1015	
3	982	1016	1015	
3	982	983	1016	
3	983	1017	1016	
3	983	984	1017	
3	984	1018	1017	
3	984	985	1018	
3	985	1019	1018	
3	985	986	1019	
3	986	1020	1019	
3	986	987	1020	
3	987	1021	1020	
3	987	988	1021	
3	988	1022	1021	
3	988	989	1022	
3	990	1024	1023	
3	990	991	1024	
3	991	1025	1024	
3	991	992	1025	
3	992	1026	1025	
3	992	993	1026	
3	993	1027	1026	
3	993	994	1027	
3	994	1028	1027	
3	994	995	1028	
3	995	1029	1028	
3	995	996	1029	
3	996	1030	1029	
3	996	997	1030	
3	997	1031	1030	
3	997	998	1031	
3	998	1032	1031	
3	998	999	1032	
3	999	1033	1032	
3	999	1000	1033	
3	1000	1034	1033	
3	1000	1001	1034	
3	1001	1035	1034	
3	1001	1002	1035	
3	1002	1036	1035	
3	1002	1003	1036	
3	1003	1037	1036	
3	1003	1004	1037	
3	1004	1038	1037	
3	1004	1005	1038	
3	1005	1039	1038	
3	1005	1006	1039	
3	1006	1040	1039	
3	1006	1007	1040	
3	1007	1041	1040	
3	1007	1008	1041	
3	1008	1042	1041	
3	1008	1009	1042	
3	1009	1043	1042	
3	1009	1010	1043	
3	1010	1044	1043	
3	1010	1011	1044	
3	1011	1045	1044	
3	1011	1012	1045	
3	1012	1046	1045	
3	1012	1013	1046	
3	1013	1047	1046	
3	1013	1014	1047	
3	1014	1048	1047	
3	1014	1015	1048	
3	1015	1049	1048	
3	1015	1016	1049	
3	1016	1050	1049	
3	1016	1017	1050	
3	1017	1051	1050	
3	1017	1018	1051	
3	1018	1052	1051	
3	1018	1019	1052	
3	1019	1053	1052	
3	1019	1020	1053	
3	1020	1054	1053	
3	1020	1021	1054	
3	1021	1055	1054	
3	1021	1022	1055	
3	1023	1057	1056	
3	1023	1024	1057	
3	1024	1058	1057	
3	1024	1025	1058	
3	1025	1059	1058	
3	1025	1026	1059	
3	1026	1060	1059	
3	1026	1027	1060	
3	1027	1061	1060	
3	1027	1028	1061	
3	1028	1062	1061	
3	1028	1029	1062	
3	1029	1063	1062	
3	1029	1030	1063	
3	1030	1064	1063	
3	1030	1031	1064	
3	1031	1065	1064	
3	1031	1032	1065	
3	1032	1066	1065	
3	1032	1033	1066	
3	1033	1067	1066	
3	1033	1034	1067	
3	1034	1068	1067	
3	1034	1035	1068	
3	1035	1069	1068	
3	1035	1036	1069	
3	1036	1070	1069	
3	1036	1037	1070	
3	1037	1071	1070	
3	1037	1038	1071	
3	1038	1072	1071	
3	1038	1039	1072	
3	1039	1073	1072	
3	1039	1040	1073	
3	1040	1074	1073	
3	1040	1041	1074	
3	1041	1075	1074	
3	1041	1042	1075	
3	1042	1076	1075	
3	1042	1043	1076	
3	1043	1077	1076	
3	1043	1044	1077	
3	1044	1078	1077	
3	1044	1045	1078	
3	1045	1079	1078	
3	1045	1046	1079	
3	1046	1080	1079	
3	1046	1047	1080	
3	1047	1081	1080	
3	1047	1048	1081	
3	1048	1082	1081	
3	1048	1049	1082	
3	1049	1083	1082	
3	1049	1050	1083	
3	1050	1084	1083	
3	1050	1051	1084	
3	1051	1085	1084	
3	1051	1052	1085	
3	1052	1086	1085	
3	1052	1053	1086	
3	1053	1087	1086	
3	1053	1054	1087	
3	1054	1088	1087	
3	1054	1055	1088	
