1089		2112		1024
0.000000	0.000000	1
0.031250	0.000000	1
0.062500	0.000000	1
0.093750	0.000000	1
0.125000	0.000000	1
0.156250	0.000000	1
0.187500	0.000000	1
0.218750	0.000000	1
0.250000	0.000000	1
0.281250	0.000000	1
0.312500	0.000000	1
0.343750	0.000000	1
0.375000	0.000000	1
0.406250	0.000000	1
0.437500	0.000000	1
0.468750	0.000000	1
0.500000	0.000000	1
0.531250	0.000000	1
0.562500	0.000000	1
0.593750	0.000000	1
0.625000	0.000000	1
0.656250	0.000000	1
0.687500	0.000000	1
0.718750	0.000000	1
0.750000	0.000000	1
0.781250	0.000000	1
0.812500	0.000000	1
0.843750	0.000000	1
0.875000	0.000000	1
0.906250	0.000000	1
0.937500	0.000000	1
0.968750	0.000000	1
1.000000	0.000000	1
0.000000	0.031250	1
0.031250	0.031250	0
0.062500	0.031250	0
0.093750	0.031250	0
0.125000	0.031250	0
0.156250	0.031250	0
0.187500	0.031250	0
0.218750	0.031250	0
0.250000	0.031250	0
0.281250	0.031250	0
0.312500	0.031250	0
0.343750	0.031250	0
0.375000	0.031250	0
0.406250	0.031250	0
0.437500	0.031250	0
0.468750	0.031250	0
0.500000	0.031250	0
0.531250	0.031250	0
0.562500	0.031250	0
0.593750	0.031250	0
0.625000	0.031250	0
0.656250	0.031250	0
0.687500	0.031250	0
0.718750	0.031250	0
0.750000	0.031250	0
0.781250	0.031250	0
0.812500	0.031250	0
0.843750	0.031250	0
0.875000	0.031250	0
0.906250	0.031250	0
0.937500	0.031250	0
0.968750	0.031250	0
1.000000	0.031250	1
0.000000	0.062500	1
0.031250	0.062500	0
0.062500	0.062500	0
0.093750	0.062500	0
0.125000	0.062500	0
0.156250	0.062500	0
0.187500	0.062500	0
0.218750	0.062500	0
0.250000	0.062500	0
0.281250	0.062500	0
0.312500	0.062500	0
0.343750	0.062500	0
0.375000	0.062500	0
0.406250	0.062500	0
0.437500	0.062500	0
0.468750	0.062500	0
0.500000	0.062500	0
0.531250	0.062500	0
0.562500	0.062500	0
0.593750	0.062500	0
0.625000	0.062500	0
0.656250	0.062500	0
0.687500	0.062500	0
0.718750	0.062500	0
0.750000	0.062500	0
0.781250	0.062500	0
0.812500	0.062500	0
0.843750	0.062500	0
0.875000	0.062500	0
0.906250	0.062500	0
0.937500	0.062500	0
0.968750	0.062500	0
1.000000	0.062500	1
0.000000	0.093750	1
0.031250	0.093750	0
0.062500	0.093750	0
0.093750	0.093750	0
0.125000	0.093750	0
0.156250	0.093750	0
0.187500	0.093750	0
0.218750	0.093750	0
0.250000	0.093750	0
0.281250	0.093750	0
0.312500	0.093750	0
0.343750	0.093750	0
0.375000	0.093750	0
0.406250	0.093750	0
0.437500	0.093750	0
0.468750	0.093750	0
0.500000	0.093750	0
0.531250	0.093750	0
0.562500	0.093750	0
0.593750	0.093750	0
0.625000	0.093750	0
0.656250	0.093750	0
0.687500	0.093750	0
0.718750	0.093750	0
0.750000	0.093750	0
0.781250	0.093750	0
0.812500	0.093750	0
0.843750	0.093750	0
0.875000	0.093750	0
0.906250	0.093750	0
0.937500	0.093750	0
0.968750	0.093750	0
1.000000	0.093750	1
0.000000	0.125000	1
0.031250	0.125000	0
0.062500	0.125000	0
0.093750	0.125000	0
0.125000	0.125000	0
0.156250	0.125000	0
0.187500	0.125000	0
0.218750	0.125000	0
0.250000	0.125000	0
0.281250	0.125000	0
0.312500	0.125000	0
0.343750	0.125000	0
0.375000	0.125000	0
0.406250	0.125000	0
0.437500	0.125000	0
0.468750	0.125000	0
0.500000	0.125000	0
0.531250	0.125000	0
0.562500	0.125000	0
0.593750	0.125000	0
0.625000	0.125000	0
0.656250	0.125000	0
0.687500	0.125000	0
0.718750	0.125000	0
0.750000	0.125000	0
0.781250	0.125000	0
0.812500	0.125000	0
0.843750	0.125000	0
0.875000	0.125000	0
0.906250	0.125000	0
0.937500	0.125000	0
0.968750	0.125000	0
1.000000	0.125000	1
0.000000	0.156250	1
0.031250	0.156250	0
0.062500	0.156250	0
0.093750	0.156250	0
0.125000	0.156250	0
0.156250	0.156250	0
0.187500	0.156250	0
0.218750	0.156250	0
0.250000	0.156250	0
0.281250	0.156250	0
0.312500	0.156250	0
0.343750	0.156250	0
0.375000	0.156250	0
0.406250	0.156250	0
0.437500	0.156250	0
0.468750	0.156250	0
0.500000	0.156250	0
0.531250	0.156250	0
0.562500	0.156250	0
0.593750	0.156250	0
0.625000	0.156250	0
0.656250	0.156250	0
0.687500	0.156250	0
0.718750	0.156250	0
0.750000	0.156250	0
0.781250	0.156250	0
0.812500	0.156250	0
0.843750	0.156250	0
0.875000	0.156250	0
0.906250	0.156250	0
0.937500	0.156250	0
0.968750	0.156250	0
1.000000	0.156250	1
0.000000	0.187500	1
0.031250	0.187500	0
0.062500	0.187500	0
0.093750	0.187500	0
0.125000	0.187500	0
0.156250	0.187500	0
0.187500	0.187500	0
0.218750	0.187500	0
0.250000	0.187500	0
0.281250	0.187500	0
0.312500	0.187500	0
0.343750	0.187500	0
0.375000	0.187500	0
0.406250	0.187500	0
0.437500	0.187500	0
0.468750	0.187500	0
0.500000	0.187500	0
0.531250	0.187500	0
0.562500	0.187500	0
0.593750	0.187500	0
0.625000	0.187500	0
0.656250	0.187500	0
0.687500	0.187500	0
0.718750	0.187500	0
0.750000	0.187500	0
0.781250	0.187500	0
0.812500	0.187500	0
0.843750	0.187500	0
0.875000	0.187500	0
0.906250	0.187500	0
0.937500	0.187500	0
0.968750	0.187500	0
1.000000	0.187500	1
0.000000	0.218750	1
0.031250	0.218750	0
0.062500	0.218750	0
0.093750	0.218750	0
0.125000	0.218750	0
0.156250	0.218750	0
0.187500	0.218750	0
0.218750	0.218750	0
0.250000	0.218750	0
0.281250	0.218750	0
0.312500	0.218750	0
0.343750	0.218750	0
0.375000	0.218750	0
0.406250	0.218750	0
0.437500	0.218750	0
0.468750	0.218750	0
0.500000	0.218750	0
0.531250	0.218750	0
0.562500	0.218750	0
0.593750	0.218750	0
0.625000	0.218750	0
0.656250	0.218750	0
0.687500	0.218750	0
0.718750	0.218750	0
0.750000	0.218750	0
0.781250	0.218750	0
0.812500	0.218750	0
0.843750	0.218750	0
0.875000	0.218750	0
0.906250	0.218750	0
0.937500	0.218750	0
0.968750	0.218750	0
1.000000	0.218750	1
0.000000	0.250000	1
0.031250	0.250000	0
0.062500	0.250000	0
0.093750	0.250000	0
0.125000	0.250000	0
0.156250	0.250000	0
0.187500	0.250000	0
0.218750	0.250000	0
0.250000	0.250000	0
0.281250	0.250000	0
0.312500	0.250000	0
0.343750	0.250000	0
0.375000	0.250000	0
0.406250	0.250000	0
0.437500	0.250000	0
0.468750	0.250000	0
0.500000	0.250000	0
0.531250	0.250000	0
0.562500	0.250000	0
0.593750	0.250000	0
0.625000	0.250000	0
0.656250	0.250000	0
0.687500	0.250000	0
0.718750	0.250000	0
0.750000	0.250000	0
0.781250	0.250000	0
0.812500	0.250000	0
0.843750	0.250000	0
0.875000	0.250000	0
0.906250	0.250000	0
0.937500	0.250000	0
0.968750	0.250000	0
1.000000	0.250000	1
0.000000	0.281250	1
0.031250	0.281250	0
0.062500	0.281250	0
0.093750	0.281250	0
0.125000	0.281250	0
0.156250	0.281250	0
0.187500	0.281250	0
0.218750	0.281250	0
0.250000	0.281250	0
0.281250	0.281250	0
0.312500	0.281250	0
0.343750	0.281250	0
0.375000	0.281250	0
0.406250	0.281250	0
0.437500	0.281250	0
0.468750	0.281250	0
0.500000	0.281250	0
0.531250	0.281250	0
0.562500	0.281250	0
0.593750	0.281250	0
0.625000	0.281250	0
0.656250	0.281250	0
0.687500	0.281250	0
0.718750	0.281250	0
0.750000	0.281250	0
0.781250	0.281250	0
0.812500	0.281250	0
0.843750	0.281250	0
0.875000	0.281250	0
0.906250	0.281250	0
0.937500	0.281250	0
0.968750	0.281250	0
1.000000	0.281250	1
0.000000	0.312500	1
0.031250	0.312500	0
0.062500	0.312500	0
0.093750	0.312500	0
0.125000	0.312500	0
0.156250	0.312500	0
0.187500	0.312500	0
0.218750	0.312500	0
0.250000	0.312500	0
0.281250	0.312500	0
0.312500	0.312500	0
0.343750	0.312500	0
0.375000	0.312500	0
0.406250	0.312500	0
0.437500	0.312500	0
0.468750	0.312500	0
0.500000	0.312500	0
0.531250	0.312500	0
0.562500	0.312500	0
0.593750	0.312500	0
0.625000	0.312500	0
0.656250	0.312500	0
0.687500	0.312500	0
0.718750	0.312500	0
0.750000	0.312500	0
0.781250	0.312500	0
0.812500	0.312500	0
0.843750	0.312500	0
0.875000	0.312500	0
0.906250	0.312500	0
0.937500	0.312500	0
0.968750	0.312500	0
1.000000	0.312500	1
0.000000	0.343750	1
0.031250	0.343750	0
0.062500	0.343750	0
0.093750	0.343750	0
0.125000	0.343750	0
0.156250	0.343750	0
0.187500	0.343750	0
0.218750	0.343750	0
0.250000	0.343750	0
0.281250	0.343750	0
0.312500	0.343750	0
0.343750	0.343750	0
0.375000	0.343750	0
0.406250	0.343750	0
0.437500	0.343750	0
0.468750	0.343750	0
0.500000	0.343750	0
0.531250	0.343750	0
0.562500	0.343750	0
0.593750	0.343750	0
0.625000	0.343750	0
0.656250	0.343750	0
0.687500	0.343750	0
0.718750	0.343750	0
0.750000	0.343750	0
0.781250	0.343750	0
0.812500	0.343750	0
0.843750	0.343750	0
0.875000	0.343750	0
0.906250	0.343750	0
0.937500	0.343750	0
0.968750	0.343750	0
1.000000	0.343750	1
0.000000	0.375000	1
0.031250	0.375000	0
0.062500	0.375000	0
0.093750	0.375000	0
0.125000	0.375000	0
0.156250	0.375000	0
0.187500	0.375000	0
0.218750	0.375000	0
0.250000	0.375000	0
0.281250	0.375000	0
0.312500	0.375000	0
0.343750	0.375000	0
0.375000	0.375000	0
0.406250	0.375000	0
0.437500	0.375000	0
0.468750	0.375000	0
0.500000	0.375000	0
0.531250	0.375000	0
0.562500	0.375000	0
0.593750	0.375000	0
0.625000	0.375000	0
0.656250	0.375000	0
0.687500	0.375000	0
0.718750	0.375000	0
0.750000	0.375000	0
0.781250	0.375000	0
0.812500	0.375000	0
0.843750	0.375000	0
0.875000	0.375000	0
0.906250	0.375000	0
0.937500	0.375000	0
0.968750	0.375000	0
1.000000	0.375000	1
0.000000	0.406250	1
0.031250	0.406250	0
0.062500	0.406250	0
0.093750	0.406250	0
0.125000	0.406250	0
0.156250	0.406250	0
0.187500	0.406250	0
0.218750	0.406250	0
0.250000	0.406250	0
0.281250	0.406250	0
0.312500	0.406250	0
0.343750	0.406250	0
0.375000	0.406250	0
0.406250	0.406250	0
0.437500	0.406250	0
0.468750	0.406250	0
0.500000	0.406250	0
0.531250	0.406250	0
0.562500	0.406250	0
0.593750	0.406250	0
0.625000	0.406250	0
0.656250	0.406250	0
0.687500	0.406250	0
0.718750	0.406250	0
0.750000	0.406250	0
0.781250	0.406250	0
0.812500	0.406250	0
0.843750	0.406250	0
0.875000	0.406250	0
0.906250	0.406250	0
0.937500	0.406250	0
0.968750	0.406250	0
1.000000	0.406250	1
0.000000	0.437500	1
0.031250	0.437500	0
0.062500	0.437500	0
0.093750	0.437500	0
0.125000	0.437500	0
0.156250	0.437500	0
0.187500	0.437500	0
0.218750	0.437500	0
0.250000	0.437500	0
0.281250	0.437500	0
0.312500	0.437500	0
0.343750	0.437500	0
0.375000	0.437500	0
0.406250	0.437500	0
0.437500	0.437500	0
0.468750	0.437500	0
0.500000	0.437500	0
0.531250	0.437500	0
0.562500	0.437500	0
0.593750	0.437500	0
0.625000	0.437500	0
0.656250	0.437500	0
0.687500	0.437500	0
0.718750	0.437500	0
0.750000	0.437500	0
0.781250	0.437500	0
0.812500	0.437500	0
0.843750	0.437500	0
0.875000	0.437500	0
0.906250	0.437500	0
0.937500	0.437500	0
0.968750	0.437500	0
1.000000	0.437500	1
0.000000	0.468750	1
0.031250	0.468750	0
0.062500	0.468750	0
0.093750	0.468750	0
0.125000	0.468750	0
0.156250	0.468750	0
0.187500	0.468750	0
0.218750	0.468750	0
0.250000	0.468750	0
0.281250	0.468750	0
0.312500	0.468750	0
0.343750	0.468750	0
0.375000	0.468750	0
0.406250	0.468750	0
0.437500	0.468750	0
0.468750	0.468750	0
0.500000	0.468750	0
0.531250	0.468750	0
0.562500	0.468750	0
0.593750	0.468750	0
0.625000	0.468750	0
0.656250	0.468750	0
0.687500	0.468750	0
0.718750	0.468750	0
0.750000	0.468750	0
0.781250	0.468750	0
0.812500	0.468750	0
0.843750	0.468750	0
0.875000	0.468750	0
0.906250	0.468750	0
0.937500	0.468750	0
0.968750	0.468750	0
1.000000	0.468750	1
0.000000	0.500000	1
0.031250	0.500000	0
0.062500	0.500000	0
0.093750	0.500000	0
0.125000	0.500000	0
0.156250	0.500000	0
0.187500	0.500000	0
0.218750	0.500000	0
0.250000	0.500000	0
0.281250	0.500000	0
0.312500	0.500000	0
0.343750	0.500000	0
0.375000	0.500000	0
0.406250	0.500000	0
0.437500	0.500000	0
0.468750	0.500000	0
0.500000	0.500000	0
0.531250	0.500000	0
0.562500	0.500000	0
0.593750	0.500000	0
0.625000	0.500000	0
0.656250	0.500000	0
0.687500	0.500000	0
0.718750	0.500000	0
0.750000	0.500000	0
0.781250	0.500000	0
0.812500	0.500000	0
0.843750	0.500000	0
0.875000	0.500000	0
0.906250	0.500000	0
0.937500	0.500000	0
0.968750	0.500000	0
1.000000	0.500000	1
0.000000	0.531250	1
0.031250	0.531250	0
0.062500	0.531250	0
0.093750	0.531250	0
0.125000	0.531250	0
0.156250	0.531250	0
0.187500	0.531250	0
0.218750	0.531250	0
0.250000	0.531250	0
0.281250	0.531250	0
0.312500	0.531250	0
0.343750	0.531250	0
0.375000	0.531250	0
0.406250	0.531250	0
0.437500	0.531250	0
0.468750	0.531250	0
0.500000	0.531250	0
0.531250	0.531250	0
0.562500	0.531250	0
0.593750	0.531250	0
0.625000	0.531250	0
0.656250	0.531250	0
0.687500	0.531250	0
0.718750	0.531250	0
0.750000	0.531250	0
0.781250	0.531250	0
0.812500	0.531250	0
0.843750	0.531250	0
0.875000	0.531250	0
0.906250	0.531250	0
0.937500	0.531250	0
0.968750	0.531250	0
1.000000	0.531250	1
0.000000	0.562500	1
0.031250	0.562500	0
0.062500	0.562500	0
0.093750	0.562500	0
0.125000	0.562500	0
0.156250	0.562500	0
0.187500	0.562500	0
0.218750	0.562500	0
0.250000	0.562500	0
0.281250	0.562500	0
0.312500	0.562500	0
0.343750	0.562500	0
0.375000	0.562500	0
0.406250	0.562500	0
0.437500	0.562500	0
0.468750	0.562500	0
0.500000	0.562500	0
0.531250	0.562500	0
0.562500	0.562500	0
0.593750	0.562500	0
0.625000	0.562500	0
0.656250	0.562500	0
0.687500	0.562500	0
0.718750	0.562500	0
0.750000	0.562500	0
0.781250	0.562500	0
0.812500	0.562500	0
0.843750	0.562500	0
0.875000	0.562500	0
0.906250	0.562500	0
0.937500	0.562500	0
0.968750	0.562500	0
1.000000	0.562500	1
0.000000	0.593750	1
0.031250	0.593750	0
0.062500	0.593750	0
0.093750	0.593750	0
0.125000	0.593750	0
0.156250	0.593750	0
0.187500	0.593750	0
0.218750	0.593750	0
0.250000	0.593750	0
0.281250	0.593750	0
0.312500	0.593750	0
0.343750	0.593750	0
0.375000	0.593750	0
0.406250	0.593750	0
0.437500	0.593750	0
0.468750	0.593750	0
0.500000	0.593750	0
0.531250	0.593750	0
0.562500	0.593750	0
0.593750	0.593750	0
0.625000	0.593750	0
0.656250	0.593750	0
0.687500	0.593750	0
0.718750	0.593750	0
0.750000	0.593750	0
0.781250	0.593750	0
0.812500	0.593750	0
0.843750	0.593750	0
0.875000	0.593750	0
0.906250	0.593750	0
0.937500	0.593750	0
0.968750	0.593750	0
1.000000	0.593750	1
0.000000	0.625000	1
0.031250	0.625000	0
0.062500	0.625000	0
0.093750	0.625000	0
0.125000	0.625000	0
0.156250	0.625000	0
0.187500	0.625000	0
0.218750	0.625000	0
0.250000	0.625000	0
0.281250	0.625000	0
0.312500	0.625000	0
0.343750	0.625000	0
0.375000	0.625000	0
0.406250	0.625000	0
0.437500	0.625000	0
0.468750	0.625000	0
0.500000	0.625000	0
0.531250	0.625000	0
0.562500	0.625000	0
0.593750	0.625000	0
0.625000	0.625000	0
0.656250	0.625000	0
0.687500	0.625000	0
0.718750	0.625000	0
0.750000	0.625000	0
0.781250	0.625000	0
0.812500	0.625000	0
0.843750	0.625000	0
0.875000	0.625000	0
0.906250	0.625000	0
0.937500	0.625000	0
0.968750	0.625000	0
1.000000	0.625000	1
0.000000	0.656250	1
0.031250	0.656250	0
0.062500	0.656250	0
0.093750	0.656250	0
0.125000	0.656250	0
0.156250	0.656250	0
0.187500	0.656250	0
0.218750	0.656250	0
0.250000	0.656250	0
0.281250	0.656250	0
0.312500	0.656250	0
0.343750	0.656250	0
0.375000	0.656250	0
0.406250	0.656250	0
0.437500	0.656250	0
0.468750	0.656250	0
0.500000	0.656250	0
0.531250	0.656250	0
0.562500	0.656250	0
0.593750	0.656250	0
0.625000	0.656250	0
0.656250	0.656250	0
0.687500	0.656250	0
0.718750	0.656250	0
0.750000	0.656250	0
0.781250	0.656250	0
0.812500	0.656250	0
0.843750	0.656250	0
0.875000	0.656250	0
0.906250	0.656250	0
0.937500	0.656250	0
0.968750	0.656250	0
1.000000	0.656250	1
0.000000	0.687500	1
0.031250	0.687500	0
0.062500	0.687500	0
0.093750	0.687500	0
0.125000	0.687500	0
0.156250	0.687500	0
0.187500	0.687500	0
0.218750	0.687500	0
0.250000	0.687500	0
0.281250	0.687500	0
0.312500	0.687500	0
0.343750	0.687500	0
0.375000	0.687500	0
0.406250	0.687500	0
0.437500	0.687500	0
0.468750	0.687500	0
0.500000	0.687500	0
0.531250	0.687500	0
0.562500	0.687500	0
0.593750	0.687500	0
0.625000	0.687500	0
0.656250	0.687500	0
0.687500	0.687500	0
0.718750	0.687500	0
0.750000	0.687500	0
0.781250	0.687500	0
0.812500	0.687500	0
0.843750	0.687500	0
0.875000	0.687500	0
0.906250	0.687500	0
0.937500	0.687500	0
0.968750	0.687500	0
1.000000	0.687500	1
0.000000	0.718750	1
0.031250	0.718750	0
0.062500	0.718750	0
0.093750	0.718750	0
0.125000	0.718750	0
0.156250	0.718750	0
0.187500	0.718750	0
0.218750	0.718750	0
0.250000	0.718750	0
0.281250	0.718750	0
0.312500	0.718750	0
0.343750	0.718750	0
0.375000	0.718750	0
0.406250	0.718750	0
0.437500	0.718750	0
0.468750	0.718750	0
0.500000	0.718750	0
0.531250	0.718750	0
0.562500	0.718750	0
0.593750	0.718750	0
0.625000	0.718750	0
0.656250	0.718750	0
0.687500	0.718750	0
0.718750	0.718750	0
0.750000	0.718750	0
0.781250	0.718750	0
0.812500	0.718750	0
0.843750	0.718750	0
0.875000	0.718750	0
0.906250	0.718750	0
0.937500	0.718750	0
0.968750	0.718750	0
1.000000	0.718750	1
0.000000	0.750000	1
0.031250	0.750000	0
0.062500	0.750000	0
0.093750	0.750000	0
0.125000	0.750000	0
0.156250	0.750000	0
0.187500	0.750000	0
0.218750	0.750000	0
0.250000	0.750000	0
0.281250	0.750000	0
0.312500	0.750000	0
0.343750	0.750000	0
0.375000	0.750000	0
0.406250	0.750000	0
0.437500	0.750000	0
0.468750	0.750000	0
0.500000	0.750000	0
0.531250	0.750000	0
0.562500	0.750000	0
0.593750	0.750000	0
0.625000	0.750000	0
0.656250	0.750000	0
0.687500	0.750000	0
0.718750	0.750000	0
0.750000	0.750000	0
0.781250	0.750000	0
0.812500	0.750000	0
0.843750	0.750000	0
0.875000	0.750000	0
0.906250	0.750000	0
0.937500	0.750000	0
0.968750	0.750000	0
1.000000	0.750000	1
0.000000	0.781250	1
0.031250	0.781250	0
0.062500	0.781250	0
0.093750	0.781250	0
0.125000	0.781250	0
0.156250	0.781250	0
0.187500	0.781250	0
0.218750	0.781250	0
0.250000	0.781250	0
0.281250	0.781250	0
0.312500	0.781250	0
0.343750	0.781250	0
0.375000	0.781250	0
0.406250	0.781250	0
0.437500	0.781250	0
0.468750	0.781250	0
0.500000	0.781250	0
0.531250	0.781250	0
0.562500	0.781250	0
0.593750	0.781250	0
0.625000	0.781250	0
0.656250	0.781250	0
0.687500	0.781250	0
0.718750	0.781250	0
0.750000	0.781250	0
0.781250	0.781250	0
0.812500	0.781250	0
0.843750	0.781250	0
0.875000	0.781250	0
0.906250	0.781250	0
0.937500	0.781250	0
0.968750	0.781250	0
1.000000	0.781250	1
0.000000	0.812500	1
0.031250	0.812500	0
0.062500	0.812500	0
0.093750	0.812500	0
0.125000	0.812500	0
0.156250	0.812500	0
0.187500	0.812500	0
0.218750	0.812500	0
0.250000	0.812500	0
0.281250	0.812500	0
0.312500	0.812500	0
0.343750	0.812500	0
0.375000	0.812500	0
0.406250	0.812500	0
0.437500	0.812500	0
0.468750	0.812500	0
0.500000	0.812500	0
0.531250	0.812500	0
0.562500	0.812500	0
0.593750	0.812500	0
0.625000	0.812500	0
0.656250	0.812500	0
0.687500	0.812500	0
0.718750	0.812500	0
0.750000	0.812500	0
0.781250	0.812500	0
0.812500	0.812500	0
0.843750	0.812500	0
0.875000	0.812500	0
0.906250	0.812500	0
0.937500	0.812500	0
0.968750	0.812500	0
1.000000	0.812500	1
0.000000	0.843750	1
0.031250	0.843750	0
0.062500	0.843750	0
0.093750	0.843750	0
0.125000	0.843750	0
0.156250	0.843750	0
0.187500	0.843750	0
0.218750	0.843750	0
0.250000	0.843750	0
0.281250	0.843750	0
0.312500	0.843750	0
0.343750	0.843750	0
0.375000	0.843750	0
0.406250	0.843750	0
0.437500	0.843750	0
0.468750	0.843750	0
0.500000	0.843750	0
0.531250	0.843750	0
0.562500	0.843750	0
0.593750	0.843750	0
0.625000	0.843750	0
0.656250	0.843750	0
0.687500	0.843750	0
0.718750	0.843750	0
0.750000	0.843750	0
0.781250	0.843750	0
0.812500	0.843750	0
0.843750	0.843750	0
0.875000	0.843750	0
0.906250	0.843750	0
0.937500	0.843750	0
0.968750	0.843750	0
1.000000	0.843750	1
0.000000	0.875000	1
0.031250	0.875000	0
0.062500	0.875000	0
0.093750	0.875000	0
0.125000	0.875000	0
0.156250	0.875000	0
0.187500	0.875000	0
0.218750	0.875000	0
0.250000	0.875000	0
0.281250	0.875000	0
0.312500	0.875000	0
0.343750	0.875000	0
0.375000	0.875000	0
0.406250	0.875000	0
0.437500	0.875000	0
0.468750	0.875000	0
0.500000	0.875000	0
0.531250	0.875000	0
0.562500	0.875000	0
0.593750	0.875000	0
0.625000	0.875000	0
0.656250	0.875000	0
0.687500	0.875000	0
0.718750	0.875000	0
0.750000	0.875000	0
0.781250	0.875000	0
0.812500	0.875000	0
0.843750	0.875000	0
0.875000	0.875000	0
0.906250	0.875000	0
0.937500	0.875000	0
0.968750	0.875000	0
1.000000	0.875000	1
0.000000	0.906250	1
0.031250	0.906250	0
0.062500	0.906250	0
0.093750	0.906250	0
0.125000	0.906250	0
0.156250	0.906250	0
0.187500	0.906250	0
0.218750	0.906250	0
0.250000	0.906250	0
0.281250	0.906250	0
0.312500	0.906250	0
0.343750	0.906250	0
0.375000	0.906250	0
0.406250	0.906250	0
0.437500	0.906250	0
0.468750	0.906250	0
0.500000	0.906250	0
0.531250	0.906250	0
0.562500	0.906250	0
0.593750	0.906250	0
0.625000	0.906250	0
0.656250	0.906250	0
0.687500	0.906250	0
0.718750	0.906250	0
0.750000	0.906250	0
0.781250	0.906250	0
0.812500	0.906250	0
0.843750	0.906250	0
0.875000	0.906250	0
0.906250	0.906250	0
0.937500	0.906250	0
0.968750	0.906250	0
1.000000	0.906250	1
0.000000	0.937500	1
0.031250	0.937500	0
0.062500	0.937500	0
0.093750	0.937500	0
0.125000	0.937500	0
0.156250	0.937500	0
0.187500	0.937500	0
0.218750	0.937500	0
0.250000	0.937500	0
0.281250	0.937500	0
0.312500	0.937500	0
0.343750	0.937500	0
0.375000	0.937500	0
0.406250	0.937500	0
0.437500	0.937500	0
0.468750	0.937500	0
0.500000	0.937500	0
0.531250	0.937500	0
0.562500	0.937500	0
0.593750	0.937500	0
0.625000	0.937500	0
0.656250	0.937500	0
0.687500	0.937500	0
0.718750	0.937500	0
0.750000	0.937500	0
0.781250	0.937500	0
0.812500	0.937500	0
0.843750	0.937500	0
0.875000	0.937500	0
0.906250	0.937500	0
0.937500	0.937500	0
0.968750	0.937500	0
1.000000	0.937500	1
0.000000	0.968750	1
0.031250	0.968750	0
0.062500	0.968750	0
0.093750	0.968750	0
0.125000	0.968750	0
0.156250	0.968750	0
0.187500	0.968750	0
0.218750	0.968750	0
0.250000	0.968750	0
0.281250	0.968750	0
0.312500	0.968750	0
0.343750	0.968750	0
0.375000	0.968750	0
0.406250	0.968750	0
0.437500	0.968750	0
0.468750	0.968750	0
0.500000	0.968750	0
0.531250	0.968750	0
0.562500	0.968750	0
0.593750	0.968750	0
0.625000	0.968750	0
0.656250	0.968750	0
0.687500	0.968750	0
0.718750	0.968750	0
0.750000	0.968750	0
0.781250	0.968750	0
0.812500	0.968750	0
0.843750	0.968750	0
0.875000	0.968750	0
0.906250	0.968750	0
0.937500	0.968750	0
0.968750	0.968750	0
1.000000	0.968750	1
0.000000	1.000000	1
0.031250	1.000000	1
0.062500	1.000000	1
0.093750	1.000000	1
0.125000	1.000000	1
0.156250	1.000000	1
0.187500	1.000000	1
0.218750	1.000000	1
0.250000	1.000000	1
0.281250	1.000000	1
0.312500	1.000000	1
0.343750	1.000000	1
0.375000	1.000000	1
0.406250	1.000000	1
0.437500	1.000000	1
0.468750	1.000000	1
0.500000	1.000000	1
0.531250	1.000000	1
0.562500	1.000000	1
0.593750	1.000000	1
0.625000	1.000000	1
0.656250	1.000000	1
0.687500	1.000000	1
0.718750	1.000000	1
0.750000	1.000000	1
0.781250	1.000000	1
0.812500	1.000000	1
0.843750	1.000000	1
0.875000	1.000000	1
0.906250	1.000000	1
0.937500	1.000000	1
0.968750	1.000000	1
1.000000	1.000000	1
0	1	1
1	2	1
2	3	1
3	4	1
4	5	1
5	6	1
6	7	1
7	8	1
8	9	1
9	10	1
10	11	1
11	12	1
12	13	1
13	14	1
14	15	1
15	16	1
16	17	1
17	18	1
18	19	1
19	20	1
20	21	1
21	22	1
22	23	1
23	24	1
24	25	1
25	26	1
26	27	1
27	28	1
28	29	1
29	30	1
30	31	1
31	32	1
0	33	1
1	34	0
2	35	0
3	36	0
4	37	0
5	38	0
6	39	0
7	40	0
8	41	0
9	42	0
10	43	0
11	44	0
12	45	0
13	46	0
14	47	0
15	48	0
16	49	0
17	50	0
18	51	0
19	52	0
20	53	0
21	54	0
22	55	0
23	56	0
24	57	0
25	58	0
26	59	0
27	60	0
28	61	0
29	62	0
30	63	0
31	64	0
32	65	1
33	34	0
34	35	0
35	36	0
36	37	0
37	38	0
38	39	0
39	40	0
40	41	0
41	42	0
42	43	0
43	44	0
44	45	0
45	46	0
46	47	0
47	48	0
48	49	0
49	50	0
50	51	0
51	52	0
52	53	0
53	54	0
54	55	0
55	56	0
56	57	0
57	58	0
58	59	0
59	60	0
60	61	0
61	62	0
62	63	0
63	64	0
64	65	0
33	66	1
34	67	0
35	68	0
36	69	0
37	70	0
38	71	0
39	72	0
40	73	0
41	74	0
42	75	0
43	76	0
44	77	0
45	78	0
46	79	0
47	80	0
48	81	0
49	82	0
50	83	0
51	84	0
52	85	0
53	86	0
54	87	0
55	88	0
56	89	0
57	90	0
58	91	0
59	92	0
60	93	0
61	94	0
62	95	0
63	96	0
64	97	0
65	98	1
66	67	0
67	68	0
68	69	0
69	70	0
70	71	0
71	72	0
72	73	0
73	74	0
74	75	0
75	76	0
76	77	0
77	78	0
78	79	0
79	80	0
80	81	0
81	82	0
82	83	0
83	84	0
84	85	0
85	86	0
86	87	0
87	88	0
88	89	0
89	90	0
90	91	0
91	92	0
92	93	0
93	94	0
94	95	0
95	96	0
96	97	0
97	98	0
66	99	1
67	100	0
68	101	0
69	102	0
70	103	0
71	104	0
72	105	0
73	106	0
74	107	0
75	108	0
76	109	0
77	110	0
78	111	0
79	112	0
80	113	0
81	114	0
82	115	0
83	116	0
84	117	0
85	118	0
86	119	0
87	120	0
88	121	0
89	122	0
90	123	0
91	124	0
92	125	0
93	126	0
94	127	0
95	128	0
96	129	0
97	130	0
98	131	1
99	100	0
100	101	0
101	102	0
102	103	0
103	104	0
104	105	0
105	106	0
106	107	0
107	108	0
108	109	0
109	110	0
110	111	0
111	112	0
112	113	0
113	114	0
114	115	0
115	116	0
116	117	0
117	118	0
118	119	0
119	120	0
120	121	0
121	122	0
122	123	0
123	124	0
124	125	0
125	126	0
126	127	0
127	128	0
128	129	0
129	130	0
130	131	0
99	132	1
100	133	0
101	134	0
102	135	0
103	136	0
104	137	0
105	138	0
106	139	0
107	140	0
108	141	0
109	142	0
110	143	0
111	144	0
112	145	0
113	146	0
114	147	0
115	148	0
116	149	0
117	150	0
118	151	0
119	152	0
120	153	0
121	154	0
122	155	0
123	156	0
124	157	0
125	158	0
126	159	0
127	160	0
128	161	0
129	162	0
130	163	0
131	164	1
132	133	0
133	134	0
134	135	0
135	136	0
136	137	0
137	138	0
138	139	0
139	140	0
140	141	0
141	142	0
142	143	0
143	144	0
144	145	0
145	146	0
146	147	0
147	148	0
148	149	0
149	150	0
150	151	0
151	152	0
152	153	0
153	154	0
154	155	0
155	156	0
156	157	0
157	158	0
158	159	0
159	160	0
160	161	0
161	162	0
162	163	0
163	164	0
132	165	1
133	166	0
134	167	0
135	168	0
136	169	0
137	170	0
138	171	0
139	172	0
140	173	0
141	174	0
142	175	0
143	176	0
144	177	0
145	178	0
146	179	0
147	180	0
148	181	0
149	182	0
150	183	0
151	184	0
152	185	0
153	186	0
154	187	0
155	188	0
156	189	0
157	190	0
158	191	0
159	192	0
160	193	0
161	194	0
162	195	0
163	196	0
164	197	1
165	166	0
166	167	0
167	168	0
168	169	0
169	170	0
170	171	0
171	172	0
172	173	0
173	174	0
174	175	0
175	176	0
176	177	0
177	178	0
178	179	0
179	180	0
180	181	0
181	182	0
182	183	0
183	184	0
184	185	0
185	186	0
186	187	0
187	188	0
188	189	0
189	190	0
190	191	0
191	192	0
192	193	0
193	194	0
194	195	0
195	196	0
196	197	0
165	198	1
166	199	0
167	200	0
168	201	0
169	202	0
170	203	0
171	204	0
172	205	0
173	206	0
174	207	0
175	208	0
176	209	0
177	210	0
178	211	0
179	212	0
180	213	0
181	214	0
182	215	0
183	216	0
184	217	0
185	218	0
186	219	0
187	220	0
188	221	0
189	222	0
190	223	0
191	224	0
192	225	0
193	226	0
194	227	0
195	228	0
196	229	0
197	230	1
198	199	0
199	200	0
200	201	0
201	202	0
202	203	0
203	204	0
204	205	0
205	206	0
206	207	0
207	208	0
208	209	0
209	210	0
210	211	0
211	212	0
212	213	0
213	214	0
214	215	0
215	216	0
216	217	0
217	218	0
218	219	0
219	220	0
220	221	0
221	222	0
222	223	0
223	224	0
224	225	0
225	226	0
226	227	0
227	228	0
228	229	0
229	230	0
198	231	1
199	232	0
200	233	0
201	234	0
202	235	0
203	236	0
204	237	0
205	238	0
206	239	0
207	240	0
208	241	0
209	242	0
210	243	0
211	244	0
212	245	0
213	246	0
214	247	0
215	248	0
216	249	0
217	250	0
218	251	0
219	252	0
220	253	0
221	254	0
222	255	0
223	256	0
224	257	0
225	258	0
226	259	0
227	260	0
228	261	0
229	262	0
230	263	1
231	232	0
232	233	0
233	234	0
234	235	0
235	236	0
236	237	0
237	238	0
238	239	0
239	240	0
240	241	0
241	242	0
242	243	0
243	244	0
244	245	0
245	246	0
246	247	0
247	248	0
248	249	0
249	250	0
250	251	0
251	252	0
252	253	0
253	254	0
254	255	0
255	256	0
256	257	0
257	258	0
258	259	0
259	260	0
260	261	0
261	262	0
262	263	0
231	264	1
232	265	0
233	266	0
234	267	0
235	268	0
236	269	0
237	270	0
238	271	0
239	272	0
240	273	0
241	274	0
242	275	0
243	276	0
244	277	0
245	278	0
246	279	0
247	280	0
248	281	0
249	282	0
250	283	0
251	284	0
252	285	0
253	286	0
254	287	0
255	288	0
256	289	0
257	290	0
258	291	0
259	292	0
260	293	0
261	294	0
262	295	0
263	296	1
264	265	0
265	266	0
266	267	0
267	268	0
268	269	0
269	270	0
270	271	0
271	272	0
272	273	0
273	274	0
274	275	0
275	276	0
276	277	0
277	278	0
278	279	0
279	280	0
280	281	0
281	282	0
282	283	0
283	284	0
284	285	0
285	286	0
286	287	0
287	288	0
288	289	0
289	290	0
290	291	0
291	292	0
292	293	0
293	294	0
294	295	0
295	296	0
264	297	1
265	298	0
266	299	0
267	300	0
268	301	0
269	302	0
270	303	0
271	304	0
272	305	0
273	306	0
274	307	0
275	308	0
276	309	0
277	310	0
278	311	0
279	312	0
280	313	0
281	314	0
282	315	0
283	316	0
284	317	0
285	318	0
286	319	0
287	320	0
288	321	0
289	322	0
290	323	0
291	324	0
292	325	0
293	326	0
294	327	0
295	328	0
296	329	1
297	298	0
298	299	0
299	300	0
300	301	0
301	302	0
302	303	0
303	304	0
304	305	0
305	306	0
306	307	0
307	308	0
308	309	0
309	310	0
310	311	0
311	312	0
312	313	0
313	314	0
314	315	0
315	316	0
316	317	0
317	318	0
318	319	0
319	320	0
320	321	0
321	322	0
322	323	0
323	324	0
324	325	0
325	326	0
326	327	0
327	328	0
328	329	0
297	330	1
298	331	0
299	332	0
300	333	0
301	334	0
302	335	0
303	336	0
304	337	0
305	338	0
306	339	0
307	340	0
308	341	0
309	342	0
310	343	0
311	344	0
312	345	0
313	346	0
314	347	0
315	348	0
316	349	0
317	350	0
318	351	0
319	352	0
320	353	0
321	354	0
322	355	0
323	356	0
324	357	0
325	358	0
326	359	0
327	360	0
328	361	0
329	362	1
330	331	0
331	332	0
332	333	0
333	334	0
334	335	0
335	336	0
336	337	0
337	338	0
338	339	0
339	340	0
340	341	0
341	342	0
342	343	0
343	344	0
344	345	0
345	346	0
346	347	0
347	348	0
348	349	0
349	350	0
350	351	0
351	352	0
352	353	0
353	354	0
354	355	0
355	356	0
356	357	0
357	358	0
358	359	0
359	360	0
360	361	0
361	362	0
330	363	1
331	364	0
332	365	0
333	366	0
334	367	0
335	368	0
336	369	0
337	370	0
338	371	0
339	372	0
340	373	0
341	374	0
342	375	0
343	376	0
344	377	0
345	378	0
346	379	0
347	380	0
348	381	0
349	382	0
350	383	0
351	384	0
352	385	0
353	386	0
354	387	0
355	388	0
356	389	0
357	390	0
358	391	0
359	392	0
360	393	0
361	394	0
362	395	1
363	364	0
364	365	0
365	366	0
366	367	0
367	368	0
368	369	0
369	370	0
370	371	0
371	372	0
372	373	0
373	374	0
374	375	0
375	376	0
376	377	0
377	378	0
378	379	0
379	380	0
380	381	0
381	382	0
382	383	0
383	384	0
384	385	0
385	386	0
386	387	0
387	388	0
388	389	0
389	390	0
390	391	0
391	392	0
392	393	0
393	394	0
394	395	0
363	396	1
364	397	0
365	398	0
366	399	0
367	400	0
368	401	0
369	402	0
370	403	0
371	404	0
372	405	0
373	406	0
374	407	0
375	408	0
376	409	0
377	410	0
378	411	0
379	412	0
380	413	0
381	414	0
382	415	0
383	416	0
384	417	0
385	418	0
386	419	0
387	420	0
388	421	0
389	422	0
390	423	0
391	424	0
392	425	0
393	426	0
394	427	0
395	428	1
396	397	0
397	398	0
398	399	0
399	400	0
400	401	0
401	402	0
402	403	0
403	404	0
404	405	0
405	406	0
406	407	0
407	408	0
408	409	0
409	410	0
410	411	0
411	412	0
412	413	0
413	414	0
414	415	0
415	416	0
416	417	0
417	418	0
418	419	0
419	420	0
420	421	0
421	422	0
422	423	0
423	424	0
424	425	0
425	426	0
426	427	0
427	428	0
396	429	1
397	430	0
398	431	0
399	432	0
400	433	0
401	434	0
402	435	0
403	436	0
404	437	0
405	438	0
406	439	0
407	440	0
408	441	0
409	442	0
410	443	0
411	444	0
412	445	0
413	446	0
414	447	0
415	448	0
416	449	0
417	450	0
418	451	0
419	452	0
420	453	0
421	454	0
422	455	0
423	456	0
424	457	0
425	458	0
426	459	0
427	460	0
428	461	1
429	430	0
430	431	0
431	432	0
432	433	0
433	434	0
434	435	0
435	436	0
436	437	0
437	438	0
438	439	0
439	440	0
440	441	0
441	442	0
442	443	0
443	444	0
444	445	0
445	446	0
446	447	0
447	448	0
448	449	0
449	450	0
450	451	0
451	452	0
452	453	0
453	454	0
454	455	0
455	456	0
456	457	0
457	458	0
458	459	0
459	460	0
460	461	0
429	462	1
430	463	0
431	464	0
432	465	0
433	466	0
434	467	0
435	468	0
436	469	0
437	470	0
438	471	0
439	472	0
440	473	0
441	474	0
442	475	0
443	476	0
444	477	0
445	478	0
446	479	0
447	480	0
448	481	0
449	482	0
450	483	0
451	484	0
452	485	0
453	486	0
454	487	0
455	488	0
456	489	0
457	490	0
458	491	0
459	492	0
460	493	0
461	494	1
462	463	0
463	464	0
464	465	0
465	466	0
466	467	0
467	468	0
468	469	0
469	470	0
470	471	0
471	472	0
472	473	0
473	474	0
474	475	0
475	476	0
476	477	0
477	478	0
478	479	0
479	480	0
480	481	0
481	482	0
482	483	0
483	484	0
484	485	0
485	486	0
486	487	0
487	488	0
488	489	0
489	490	0
490	491	0
491	492	0
492	493	0
493	494	0
462	495	1
463	496	0
464	497	0
465	498	0
466	499	0
467	500	0
468	501	0
469	502	0
470	503	0
471	504	0
472	505	0
473	506	0
474	507	0
475	508	0
476	509	0
477	510	0
478	511	0
479	512	0
480	513	0
481	514	0
482	515	0
483	516	0
484	517	0
485	518	0
486	519	0
487	520	0
488	521	0
489	522	0
490	523	0
491	524	0
492	525	0
493	526	0
494	527	1
495	496	0
496	497	0
497	498	0
498	499	0
499	500	0
500	501	0
501	502	0
502	503	0
503	504	0
504	505	0
505	506	0
506	507	0
507	508	0
508	509	0
509	510	0
510	511	0
511	512	0
512	513	0
513	514	0
514	515	0
515	516	0
516	517	0
517	518	0
518	519	0
519	520	0
520	521	0
521	522	0
522	523	0
523	524	0
524	525	0
525	526	0
526	527	0
495	528	1
496	529	0
497	530	0
498	531	0
499	532	0
500	533	0
501	534	0
502	535	0
503	536	0
504	537	0
505	538	0
506	539	0
507	540	0
508	541	0
509	542	0
510	543	0
511	544	0
512	545	0
513	546	0
514	547	0
515	548	0
516	549	0
517	550	0
518	551	0
519	552	0
520	553	0
521	554	0
522	555	0
523	556	0
524	557	0
525	558	0
526	559	0
527	560	1
528	529	0
529	530	0
530	531	0
531	532	0
532	533	0
533	534	0
534	535	0
535	536	0
536	537	0
537	538	0
538	539	0
539	540	0
540	541	0
541	542	0
542	543	0
543	544	0
544	545	0
545	546	0
546	547	0
547	548	0
548	549	0
549	550	0
550	551	0
551	552	0
552	553	0
553	554	0
554	555	0
555	556	0
556	557	0
557	558	0
558	559	0
559	560	0
528	561	1
529	562	0
530	563	0
531	564	0
532	565	0
533	566	0
534	567	0
535	568	0
536	569	0
537	570	0
538	571	0
539	572	0
540	573	0
541	574	0
542	575	0
543	576	0
544	577	0
545	578	0
546	579	0
547	580	0
548	581	0
549	582	0
550	583	0
551	584	0
552	585	0
553	586	0
554	587	0
555	588	0
556	589	0
557	590	0
558	591	0
559	592	0
560	593	1
561	562	0
562	563	0
563	564	0
564	565	0
565	566	0
566	567	0
567	568	0
568	569	0
569	570	0
570	571	0
571	572	0
572	573	0
573	574	0
574	575	0
575	576	0
576	577	0
577	578	0
578	579	0
579	580	0
580	581	0
581	582	0
582	583	0
583	584	0
584	585	0
585	586	0
586	587	0
587	588	0
588	589	0
589	590	0
590	591	0
591	592	0
592	593	0
561	594	1
562	595	0
563	596	0
564	597	0
565	598	0
566	599	0
567	600	0
568	601	0
569	602	0
570	603	0
571	604	0
572	605	0
573	606	0
574	607	0
575	608	0
576	609	0
577	610	0
578	611	0
579	612	0
580	613	0
581	614	0
582	615	0
583	616	0
584	617	0
585	618	0
586	619	0
587	620	0
588	621	0
589	622	0
590	623	0
591	624	0
592	625	0
593	626	1
594	595	0
595	596	0
596	597	0
597	598	0
598	599	0
599	600	0
600	601	0
601	602	0
602	603	0
603	604	0
604	605	0
605	606	0
606	607	0
607	608	0
608	609	0
609	610	0
610	611	0
611	612	0
612	613	0
613	614	0
614	615	0
615	616	0
616	617	0
617	618	0
618	619	0
619	620	0
620	621	0
621	622	0
622	623	0
623	624	0
624	625	0
625	626	0
594	627	1
595	628	0
596	629	0
597	630	0
598	631	0
599	632	0
600	633	0
601	634	0
602	635	0
603	636	0
604	637	0
605	638	0
606	639	0
607	640	0
608	641	0
609	642	0
610	643	0
611	644	0
612	645	0
613	646	0
614	647	0
615	648	0
616	649	0
617	650	0
618	651	0
619	652	0
620	653	0
621	654	0
622	655	0
623	656	0
624	657	0
625	658	0
626	659	1
627	628	0
628	629	0
629	630	0
630	631	0
631	632	0
632	633	0
633	634	0
634	635	0
635	636	0
636	637	0
637	638	0
638	639	0
639	640	0
640	641	0
641	642	0
642	643	0
643	644	0
644	645	0
645	646	0
646	647	0
647	648	0
648	649	0
649	650	0
650	651	0
651	652	0
652	653	0
653	654	0
654	655	0
655	656	0
656	657	0
657	658	0
658	659	0
627	660	1
628	661	0
629	662	0
630	663	0
631	664	0
632	665	0
633	666	0
634	667	0
635	668	0
636	669	0
637	670	0
638	671	0
639	672	0
640	673	0
641	674	0
642	675	0
643	676	0
644	677	0
645	678	0
646	679	0
647	680	0
648	681	0
649	682	0
650	683	0
651	684	0
652	685	0
653	686	0
654	687	0
655	688	0
656	689	0
657	690	0
658	691	0
659	692	1
660	661	0
661	662	0
662	663	0
663	664	0
664	665	0
665	666	0
666	667	0
667	668	0
668	669	0
669	670	0
670	671	0
671	672	0
672	673	0
673	674	0
674	675	0
675	676	0
676	677	0
677	678	0
678	679	0
679	680	0
680	681	0
681	682	0
682	683	0
683	684	0
684	685	0
685	686	0
686	687	0
687	688	0
688	689	0
689	690	0
690	691	0
691	692	0
660	693	1
661	694	0
662	695	0
663	696	0
664	697	0
665	698	0
666	699	0
667	700	0
668	701	0
669	702	0
670	703	0
671	704	0
672	705	0
673	706	0
674	707	0
675	708	0
676	709	0
677	710	0
678	711	0
679	712	0
680	713	0
681	714	0
682	715	0
683	716	0
684	717	0
685	718	0
686	719	0
687	720	0
688	721	0
689	722	0
690	723	0
691	724	0
692	725	1
693	694	0
694	695	0
695	696	0
696	697	0
697	698	0
698	699	0
699	700	0
700	701	0
701	702	0
702	703	0
703	704	0
704	705	0
705	706	0
706	707	0
707	708	0
708	709	0
709	710	0
710	711	0
711	712	0
712	713	0
713	714	0
714	715	0
715	716	0
716	717	0
717	718	0
718	719	0
719	720	0
720	721	0
721	722	0
722	723	0
723	724	0
724	725	0
693	726	1
694	727	0
695	728	0
696	729	0
697	730	0
698	731	0
699	732	0
700	733	0
701	734	0
702	735	0
703	736	0
704	737	0
705	738	0
706	739	0
707	740	0
708	741	0
709	742	0
710	743	0
711	744	0
712	745	0
713	746	0
714	747	0
715	748	0
716	749	0
717	750	0
718	751	0
719	752	0
720	753	0
721	754	0
722	755	0
723	756	0
724	757	0
725	758	1
726	727	0
727	728	0
728	729	0
729	730	0
730	731	0
731	732	0
732	733	0
733	734	0
734	735	0
735	736	0
736	737	0
737	738	0
738	739	0
739	740	0
740	741	0
741	742	0
742	743	0
743	744	0
744	745	0
745	746	0
746	747	0
747	748	0
748	749	0
749	750	0
750	751	0
751	752	0
752	753	0
753	754	0
754	755	0
755	756	0
756	757	0
757	758	0
726	759	1
727	760	0
728	761	0
729	762	0
730	763	0
731	764	0
732	765	0
733	766	0
734	767	0
735	768	0
736	769	0
737	770	0
738	771	0
739	772	0
740	773	0
741	774	0
742	775	0
743	776	0
744	777	0
745	778	0
746	779	0
747	780	0
748	781	0
749	782	0
750	783	0
751	784	0
752	785	0
753	786	0
754	787	0
755	788	0
756	789	0
757	790	0
758	791	1
759	760	0
760	761	0
761	762	0
762	763	0
763	764	0
764	765	0
765	766	0
766	767	0
767	768	0
768	769	0
769	770	0
770	771	0
771	772	0
772	773	0
773	774	0
774	775	0
775	776	0
776	777	0
777	778	0
778	779	0
779	780	0
780	781	0
781	782	0
782	783	0
783	784	0
784	785	0
785	786	0
786	787	0
787	788	0
788	789	0
789	790	0
790	791	0
759	792	1
760	793	0
761	794	0
762	795	0
763	796	0
764	797	0
765	798	0
766	799	0
767	800	0
768	801	0
769	802	0
770	803	0
771	804	0
772	805	0
773	806	0
774	807	0
775	808	0
776	809	0
777	810	0
778	811	0
779	812	0
780	813	0
781	814	0
782	815	0
783	816	0
784	817	0
785	818	0
786	819	0
787	820	0
788	821	0
789	822	0
790	823	0
791	824	1
792	793	0
793	794	0
794	795	0
795	796	0
796	797	0
797	798	0
798	799	0
799	800	0
800	801	0
801	802	0
802	803	0
803	804	0
804	805	0
805	806	0
806	807	0
807	808	0
808	809	0
809	810	0
810	811	0
811	812	0
812	813	0
813	814	0
814	815	0
815	816	0
816	817	0
817	818	0
818	819	0
819	820	0
820	821	0
821	822	0
822	823	0
823	824	0
792	825	1
793	826	0
794	827	0
795	828	0
796	829	0
797	830	0
798	831	0
799	832	0
800	833	0
801	834	0
802	835	0
803	836	0
804	837	0
805	838	0
806	839	0
807	840	0
808	841	0
809	842	0
810	843	0
811	844	0
812	845	0
813	846	0
814	847	0
815	848	0
816	849	0
817	850	0
818	851	0
819	852	0
820	853	0
821	854	0
822	855	0
823	856	0
824	857	1
825	826	0
826	827	0
827	828	0
828	829	0
829	830	0
830	831	0
831	832	0
832	833	0
833	834	0
834	835	0
835	836	0
836	837	0
837	838	0
838	839	0
839	840	0
840	841	0
841	842	0
842	843	0
843	844	0
844	845	0
845	846	0
846	847	0
847	848	0
848	849	0
849	850	0
850	851	0
851	852	0
852	853	0
853	854	0
854	855	0
855	856	0
856	857	0
825	858	1
826	859	0
827	860	0
828	861	0
829	862	0
830	863	0
831	864	0
832	865	0
833	866	0
834	867	0
835	868	0
836	869	0
837	870	0
838	871	0
839	872	0
840	873	0
841	874	0
842	875	0
843	876	0
844	877	0
845	878	0
846	879	0
847	880	0
848	881	0
849	882	0
850	883	0
851	884	0
852	885	0
853	886	0
854	887	0
855	888	0
856	889	0
857	890	1
858	859	0
859	860	0
860	861	0
861	862	0
862	863	0
863	864	0
864	865	0
865	866	0
866	867	0
867	868	0
868	869	0
869	870	0
870	871	0
871	872	0
872	873	0
873	874	0
874	875	0
875	876	0
876	877	0
877	878	0
878	879	0
879	880	0
880	881	0
881	882	0
882	883	0
883	884	0
884	885	0
885	886	0
886	887	0
887	888	0
888	889	0
889	890	0
858	891	1
859	892	0
860	893	0
861	894	0
862	895	0
863	896	0
864	897	0
865	898	0
866	899	0
867	900	0
868	901	0
869	902	0
870	903	0
871	904	0
872	905	0
873	906	0
874	907	0
875	908	0
876	909	0
877	910	0
878	911	0
879	912	0
880	913	0
881	914	0
882	915	0
883	916	0
884	917	0
885	918	0
886	919	0
887	920	0
888	921	0
889	922	0
890	923	1
891	892	0
892	893	0
893	894	0
894	895	0
895	896	0
896	897	0
897	898	0
898	899	0
899	900	0
900	901	0
901	902	0
902	903	0
903	904	0
904	905	0
905	906	0
906	907	0
907	908	0
908	909	0
909	910	0
910	911	0
911	912	0
912	913	0
913	914	0
914	915	0
915	916	0
916	917	0
917	918	0
918	919	0
919	920	0
920	921	0
921	922	0
922	923	0
891	924	1
892	925	0
893	926	0
894	927	0
895	928	0
896	929	0
897	930	0
898	931	0
899	932	0
900	933	0
901	934	0
902	935	0
903	936	0
904	937	0
905	938	0
906	939	0
907	940	0
908	941	0
909	942	0
910	943	0
911	944	0
912	945	0
913	946	0
914	947	0
915	948	0
916	949	0
917	950	0
918	951	0
919	952	0
920	953	0
921	954	0
922	955	0
923	956	1
924	925	0
925	926	0
926	927	0
927	928	0
928	929	0
929	930	0
930	931	0
931	932	0
932	933	0
933	934	0
934	935	0
935	936	0
936	937	0
937	938	0
938	939	0
939	940	0
940	941	0
941	942	0
942	943	0
943	944	0
944	945	0
945	946	0
946	947	0
947	948	0
948	949	0
949	950	0
950	951	0
951	952	0
952	953	0
953	954	0
954	955	0
955	956	0
924	957	1
925	958	0
926	959	0
927	960	0
928	961	0
929	962	0
930	963	0
931	964	0
932	965	0
933	966	0
934	967	0
935	968	0
936	969	0
937	970	0
938	971	0
939	972	0
940	973	0
941	974	0
942	975	0
943	976	0
944	977	0
945	978	0
946	979	0
947	980	0
948	981	0
949	982	0
950	983	0
951	984	0
952	985	0
953	986	0
954	987	0
955	988	0
956	989	1
957	958	0
958	959	0
959	960	0
960	961	0
961	962	0
962	963	0
963	964	0
964	965	0
965	966	0
966	967	0
967	968	0
968	969	0
969	970	0
970	971	0
971	972	0
972	973	0
973	974	0
974	975	0
975	976	0
976	977	0
977	978	0
978	979	0
979	980	0
980	981	0
981	982	0
982	983	0
983	984	0
984	985	0
985	986	0
986	987	0
987	988	0
988	989	0
957	990	1
958	991	0
959	992	0
960	993	0
961	994	0
962	995	0
963	996	0
964	997	0
965	998	0
966	999	0
967	1000	0
968	1001	0
969	1002	0
970	1003	0
971	1004	0
972	1005	0
973	1006	0
974	1007	0
975	1008	0
976	1009	0
977	1010	0
978	1011	0
979	1012	0
980	1013	0
981	1014	0
982	1015	0
983	1016	0
984	1017	0
985	1018	0
986	1019	0
987	1020	0
988	1021	0
989	1022	1
990	991	0
991	992	0
992	993	0
993	994	0
994	995	0
995	996	0
996	997	0
997	998	0
998	999	0
999	1000	0
1000	1001	0
1001	1002	0
1002	1003	0
1003	1004	0
1004	1005	0
1005	1006	0
1006	1007	0
1007	1008	0
1008	1009	0
1009	1010	0
1010	1011	0
1011	1012	0
1012	1013	0
1013	1014	0
1014	1015	0
1015	1016	0
1016	1017	0
1017	1018	0
1018	1019	0
1019	1020	0
1020	1021	0
1021	1022	0
990	1023	1
991	1024	0
992	1025	0
993	1026	0
994	1027	0
995	1028	0
996	1029	0
997	1030	0
998	1031	0
999	1032	0
1000	1033	0
1001	1034	0
1002	1035	0
1003	1036	0
1004	1037	0
1005	1038	0
1006	1039	0
1007	1040	0
1008	1041	0
1009	1042	0
1010	1043	0
1011	1044	0
1012	1045	0
1013	1046	0
1014	1047	0
1015	1048	0
1016	1049	0
1017	1050	0
1018	1051	0
1019	1052	0
1020	1053	0
1021	1054	0
1022	1055	1
1023	1024	0
1024	1025	0
1025	1026	0
1026	1027	0
1027	1028	0
1028	1029	0
1029	1030	0
1030	1031	0
1031	1032	0
1032	1033	0
1033	1034	0
1034	1035	0
1035	1036	0
1036	1037	0
1037	1038	0
1038	1039	0
1039	1040	0
1040	1041	0
1041	1042	0
1042	1043	0
1043	1044	0
1044	1045	0
1045	1046	0
1046	1047	0
1047	1048	0
1048	1049	0
1049	1050	0
1050	1051	0
1051	1052	0
1052	1053	0
1053	1054	0
1054	1055	0
1023	1056	1
1024	1057	0
1025	1058	0
1026	1059	0
1027	1060	0
1028	1061	0
1029	1062	0
1030	1063	0
1031	1064	0
1032	1065	0
1033	1066	0
1034	1067	0
1035	1068	0
1036	1069	0
1037	1070	0
1038	1071	0
1039	1072	0
1040	1073	0
1041	1074	0
1042	1075	0
1043	1076	0
1044	1077	0
1045	1078	0
1046	1079	0
1047	1080	0
1048	1081	0
1049	1082	0
1050	1083	0
1051	1084	0
1052	1085	0
1053	1086	0
1054	1087	0
1055	1088	1
1056	1057	1
1057	1058	1
1058	1059	1
1059	1060	1
1060	1061	1
1061	1062	1
1062	1063	1
1063	1064	1
1064	1065	1
1065	1066	1
1066	1067	1
1067	1068	1
1068	1069	1
1069	1070	1
1070	1071	1
1071	1072	1
1072	1073	1
1073	1074	1
1074	1075	1
1075	1076	1
1076	1077	1
1077	1078	1
1078	1079	1
1079	1080	1
1080	1081	1
1081	1082	1
1082	1083	1
1083	1084	1
1084	1085	1
1085	1086	1
1086	1087	1
1087	1088	1
4	0	1	34	33	
4	1	2	35	34	
4	2	3	36	35	
4	3	4	37	36	
4	4	5	38	37	
4	5	6	39	38	
4	6	7	40	39	
4	7	8	41	40	
4	8	9	42	41	
4	9	10	43	42	
4	10	11	44	43	
4	11	12	45	44	
4	12	13	46	45	
4	13	14	47	46	
4	14	15	48	47	
4	15	16	49	48	
4	16	17	50	49	
4	17	18	51	50	
4	18	19	52	51	
4	19	20	53	52	
4	20	21	54	53	
4	21	22	55	54	
4	22	23	56	55	
4	23	24	57	56	
4	24	25	58	57	
4	25	26	59	58	
4	26	27	60	59	
4	27	28	61	60	
4	28	29	62	61	
4	29	30	63	62	
4	30	31	64	63	
4	31	32	65	64	
4	33	34	67	66	
4	34	35	68	67	
4	35	36	69	68	
4	36	37	70	69	
4	37	38	71	70	
4	38	39	72	71	
4	39	40	73	72	
4	40	41	74	73	
4	41	42	75	74	
4	42	43	76	75	
4	43	44	77	76	
4	44	45	78	77	
4	45	46	79	78	
4	46	47	80	79	
4	47	48	81	80	
4	48	49	82	81	
4	49	50	83	82	
4	50	51	84	83	
4	51	52	85	84	
4	52	53	86	85	
4	53	54	87	86	
4	54	55	88	87	
4	55	56	89	88	
4	56	57	90	89	
4	57	58	91	90	
4	58	59	92	91	
4	59	60	93	92	
4	60	61	94	93	
4	61	62	95	94	
4	62	63	96	95	
4	63	64	97	96	
4	64	65	98	97	
4	66	67	100	99	
4	67	68	101	100	
4	68	69	102	101	
4	69	70	103	102	
4	70	71	104	103	
4	71	72	105	104	
4	72	73	106	105	
4	73	74	107	106	
4	74	75	108	107	
4	75	76	109	108	
4	76	77	110	109	
4	77	78	111	110	
4	78	79	112	111	
4	79	80	113	112	
4	80	81	114	113	
4	81	82	115	114	
4	82	83	116	115	
4	83	84	117	116	
4	84	85	118	117	
4	85	86	119	118	
4	86	87	120	119	
4	87	88	121	120	
4	88	89	122	121	
4	89	90	123	122	
4	90	91	124	123	
4	91	92	125	124	
4	92	93	126	125	
4	93	94	127	126	
4	94	95	128	127	
4	95	96	129	128	
4	96	97	130	129	
4	97	98	131	130	
4	99	100	133	132	
4	100	101	134	133	
4	101	102	135	134	
4	102	103	136	135	
4	103	104	137	136	
4	104	105	138	137	
4	105	106	139	138	
4	106	107	140	139	
4	107	108	141	140	
4	108	109	142	141	
4	109	110	143	142	
4	110	111	144	143	
4	111	112	145	144	
4	112	113	146	145	
4	113	114	147	146	
4	114	115	148	147	
4	115	116	149	148	
4	116	117	150	149	
4	117	118	151	150	
4	118	119	152	151	
4	119	120	153	152	
4	120	121	154	153	
4	121	122	155	154	
4	122	123	156	155	
4	123	124	157	156	
4	124	125	158	157	
4	125	126	159	158	
4	126	127	160	159	
4	127	128	161	160	
4	128	129	162	161	
4	129	130	163	162	
4	130	131	164	163	
4	132	133	166	165	
4	133	134	167	166	
4	134	135	168	167	
4	135	136	169	168	
4	136	137	170	169	
4	137	138	171	170	
4	138	139	172	171	
4	139	140	173	172	
4	140	141	174	173	
4	141	142	175	174	
4	142	143	176	175	
4	143	144	177	176	
4	144	145	178	177	
4	145	146	179	178	
4	146	147	180	179	
4	147	148	181	180	
4	148	149	182	181	
4	149	150	183	182	
4	150	151	184	183	
4	151	152	185	184	
4	152	153	186	185	
4	153	154	187	186	
4	154	155	188	187	
4	155	156	189	188	
4	156	157	190	189	
4	157	158	191	190	
4	158	159	192	191	
4	159	160	193	192	
4	160	161	194	193	
4	161	162	195	194	
4	162	163	196	195	
4	163	164	197	196	
4	165	166	199	198	
4	166	167	200	199	
4	167	168	201	200	
4	168	169	202	201	
4	169	170	203	202	
4	170	171	204	203	
4	171	172	205	204	
4	172	173	206	205	
4	173	174	207	206	
4	174	175	208	207	
4	175	176	209	208	
4	176	177	210	209	
4	177	178	211	210	
4	178	179	212	211	
4	179	180	213	212	
4	180	181	214	213	
4	181	182	215	214	
4	182	183	216	215	
4	183	184	217	216	
4	184	185	218	217	
4	185	186	219	218	
4	186	187	220	219	
4	187	188	221	220	
4	188	189	222	221	
4	189	190	223	222	
4	190	191	224	223	
4	191	192	225	224	
4	192	193	226	225	
4	193	194	227	226	
4	194	195	228	227	
4	195	196	229	228	
4	196	197	230	229	
4	198	199	232	231	
4	199	200	233	232	
4	200	201	234	233	
4	201	202	235	234	
4	202	203	236	235	
4	203	204	237	236	
4	204	205	238	237	
4	205	206	239	238	
4	206	207	240	239	
4	207	208	241	240	
4	208	209	242	241	
4	209	210	243	242	
4	210	211	244	243	
4	211	212	245	244	
4	212	213	246	245	
4	213	214	247	246	
4	214	215	248	247	
4	215	216	249	248	
4	216	217	250	249	
4	217	218	251	250	
4	218	219	252	251	
4	219	220	253	252	
4	220	221	254	253	
4	221	222	255	254	
4	222	223	256	255	
4	223	224	257	256	
4	224	225	258	257	
4	225	226	259	258	
4	226	227	260	259	
4	227	228	261	260	
4	228	229	262	261	
4	229	230	263	262	
4	231	232	265	264	
4	232	233	266	265	
4	233	234	267	266	
4	234	235	268	267	
4	235	236	269	268	
4	236	237	270	269	
4	237	238	271	270	
4	238	239	272	271	
4	239	240	273	272	
4	240	241	274	273	
4	241	242	275	274	
4	242	243	276	275	
4	243	244	277	276	
4	244	245	278	277	
4	245	246	279	278	
4	246	247	280	279	
4	247	248	281	280	
4	248	249	282	281	
4	249	250	283	282	
4	250	251	284	283	
4	251	252	285	284	
4	252	253	286	285	
4	253	254	287	286	
4	254	255	288	287	
4	255	256	289	288	
4	256	257	290	289	
4	257	258	291	290	
4	258	259	292	291	
4	259	260	293	292	
4	260	261	294	293	
4	261	262	295	294	
4	262	263	296	295	
4	264	265	298	297	
4	265	266	299	298	
4	266	267	300	299	
4	267	268	301	300	
4	268	269	302	301	
4	269	270	303	302	
4	270	271	304	303	
4	271	272	305	304	
4	272	273	306	305	
4	273	274	307	306	
4	274	275	308	307	
4	275	276	309	308	
4	276	277	310	309	
4	277	278	311	310	
4	278	279	312	311	
4	279	280	313	312	
4	280	281	314	313	
4	281	282	315	314	
4	282	283	316	315	
4	283	284	317	316	
4	284	285	318	317	
4	285	286	319	318	
4	286	287	320	319	
4	287	288	321	320	
4	288	289	322	321	
4	289	290	323	322	
4	290	291	324	323	
4	291	292	325	324	
4	292	293	326	325	
4	293	294	327	326	
4	294	295	328	327	
4	295	296	329	328	
4	297	298	331	330	
4	298	299	332	331	
4	299	300	333	332	
4	300	301	334	333	
4	301	302	335	334	
4	302	303	336	335	
4	303	304	337	336	
4	304	305	338	337	
4	305	306	339	338	
4	306	307	340	339	
4	307	308	341	340	
4	308	309	342	341	
4	309	310	343	342	
4	310	311	344	343	
4	311	312	345	344	
4	312	313	346	345	
4	313	314	347	346	
4	314	315	348	347	
4	315	316	349	348	
4	316	317	350	349	
4	317	318	351	350	
4	318	319	352	351	
4	319	320	353	352	
4	320	321	354	353	
4	321	322	355	354	
4	322	323	356	355	
4	323	324	357	356	
4	324	325	358	357	
4	325	326	359	358	
4	326	327	360	359	
4	327	328	361	360	
4	328	329	362	361	
4	330	331	364	363	
4	331	332	365	364	
4	332	333	366	365	
4	333	334	367	366	
4	334	335	368	367	
4	335	336	369	368	
4	336	337	370	369	
4	337	338	371	370	
4	338	339	372	371	
4	339	340	373	372	
4	340	341	374	373	
4	341	342	375	374	
4	342	343	376	375	
4	343	344	377	376	
4	344	345	378	377	
4	345	346	379	378	
4	346	347	380	379	
4	347	348	381	380	
4	348	349	382	381	
4	349	350	383	382	
4	350	351	384	383	
4	351	352	385	384	
4	352	353	386	385	
4	353	354	387	386	
4	354	355	388	387	
4	355	356	389	388	
4	356	357	390	389	
4	357	358	391	390	
4	358	359	392	391	
4	359	360	393	392	
4	360	361	394	393	
4	361	362	395	394	
4	363	364	397	396	
4	364	365	398	397	
4	365	366	399	398	
4	366	367	400	399	
4	367	368	401	400	
4	368	369	402	401	
4	369	370	403	402	
4	370	371	404	403	
4	371	372	405	404	
4	372	373	406	405	
4	373	374	407	406	
4	374	375	408	407	
4	375	376	409	408	
4	376	377	410	409	
4	377	378	411	410	
4	378	379	412	411	
4	379	380	413	412	
4	380	381	414	413	
4	381	382	415	414	
4	382	383	416	415	
4	383	384	417	416	
4	384	385	418	417	
4	385	386	419	418	
4	386	387	420	419	
4	387	388	421	420	
4	388	389	422	421	
4	389	390	423	422	
4	390	391	424	423	
4	391	392	425	424	
4	392	393	426	425	
4	393	394	427	426	
4	394	395	428	427	
4	396	397	430	429	
4	397	398	431	430	
4	398	399	432	431	
4	399	400	433	432	
4	400	401	434	433	
4	401	402	435	434	
4	402	403	436	435	
4	403	404	437	436	
4	404	405	438	437	
4	405	406	439	438	
4	406	407	440	439	
4	407	408	441	440	
4	408	409	442	441	
4	409	410	443	442	
4	410	411	444	443	
4	411	412	445	444	
4	412	413	446	445	
4	413	414	447	446	
4	414	415	448	447	
4	415	416	449	448	
4	416	417	450	449	
4	417	418	451	450	
4	418	419	452	451	
4	419	420	453	452	
4	420	421	454	453	
4	421	422	455	454	
4	422	423	456	455	
4	423	424	457	456	
4	424	425	458	457	
4	425	426	459	458	
4	426	427	460	459	
4	427	428	461	460	
4	429	430	463	462	
4	430	431	464	463	
4	431	432	465	464	
4	432	433	466	465	
4	433	434	467	466	
4	434	435	468	467	
4	435	436	469	468	
4	436	437	470	469	
4	437	438	471	470	
4	438	439	472	471	
4	439	440	473	472	
4	440	441	474	473	
4	441	442	475	474	
4	442	443	476	475	
4	443	444	477	476	
4	444	445	478	477	
4	445	446	479	478	
4	446	447	480	479	
4	447	448	481	480	
4	448	449	482	481	
4	449	450	483	482	
4	450	451	484	483	
4	451	452	485	484	
4	452	453	486	485	
4	453	454	487	486	
4	454	455	488	487	
4	455	456	489	488	
4	456	457	490	489	
4	457	458	491	490	
4	458	459	492	491	
4	459	460	493	492	
4	460	461	494	493	
4	462	463	496	495	
4	463	464	497	496	
4	464	465	498	497	
4	465	466	499	498	
4	466	467	500	499	
4	467	468	501	500	
4	468	469	502	501	
4	469	470	503	502	
4	470	471	504	503	
4	471	472	505	504	
4	472	473	506	505	
4	473	474	507	506	
4	474	475	508	507	
4	475	476	509	508	
4	476	477	510	509	
4	477	478	511	510	
4	478	479	512	511	
4	479	480	513	512	
4	480	481	514	513	
4	481	482	515	514	
4	482	483	516	515	
4	483	484	517	516	
4	484	485	518	517	
4	485	486	519	518	
4	486	487	520	519	
4	487	488	521	520	
4	488	489	522	521	
4	489	490	523	522	
4	490	491	524	523	
4	491	492	525	524	
4	492	493	526	525	
4	493	494	527	526	
4	495	496	529	528	
4	496	497	530	529	
4	497	498	531	530	
4	498	499	532	531	
4	499	500	533	532	
4	500	501	534	533	
4	501	502	535	534	
4	502	503	536	535	
4	503	504	537	536	
4	504	505	538	537	
4	505	506	539	538	
4	506	507	540	539	
4	507	508	541	540	
4	508	509	542	541	
4	509	510	543	542	
4	510	511	544	543	
4	511	512	545	544	
4	512	513	546	545	
4	513	514	547	546	
4	514	515	548	547	
4	515	516	549	548	
4	516	517	550	549	
4	517	518	551	550	
4	518	519	552	551	
4	519	520	553	552	
4	520	521	554	553	
4	521	522	555	554	
4	522	523	556	555	
4	523	524	557	556	
4	524	525	558	557	
4	525	526	559	558	
4	526	527	560	559	
4	528	529	562	561	
4	529	530	563	562	
4	530	531	564	563	
4	531	532	565	564	
4	532	533	566	565	
4	533	534	567	566	
4	534	535	568	567	
4	535	536	569	568	
4	536	537	570	569	
4	537	538	571	570	
4	538	539	572	571	
4	539	540	573	572	
4	540	541	574	573	
4	541	542	575	574	
4	542	543	576	575	
4	543	544	577	576	
4	544	545	578	577	
4	545	546	579	578	
4	546	547	580	579	
4	547	548	581	580	
4	548	549	582	581	
4	549	550	583	582	
4	550	551	584	583	
4	551	552	585	584	
4	552	553	586	585	
4	553	554	587	586	
4	554	555	588	587	
4	555	556	589	588	
4	556	557	590	589	
4	557	558	591	590	
4	558	559	592	591	
4	559	560	593	592	
4	561	562	595	594	
4	562	563	596	595	
4	563	564	597	596	
4	564	565	598	597	
4	565	566	599	598	
4	566	567	600	599	
4	567	568	601	600	
4	568	569	602	601	
4	569	570	603	602	
4	570	571	604	603	
4	571	572	605	604	
4	572	573	606	605	
4	573	574	607	606	
4	574	575	608	607	
4	575	576	609	608	
4	576	577	610	609	
4	577	578	611	610	
4	578	579	612	611	
4	579	580	613	612	
4	580	581	614	613	
4	581	582	615	614	
4	582	583	616	615	
4	583	584	617	616	
4	584	585	618	617	
4	585	586	619	618	
4	586	587	620	619	
4	587	588	621	620	
4	588	589	622	621	
4	589	590	623	622	
4	590	591	624	623	
4	591	592	625	624	
4	592	593	626	625	
4	594	595	628	627	
4	595	596	629	628	
4	596	597	630	629	
4	597	598	631	630	
4	598	599	632	631	
4	599	600	633	632	
4	600	601	634	633	
4	601	602	635	634	
4	602	603	636	635	
4	603	604	637	636	
4	604	605	638	637	
4	605	606	639	638	
4	606	607	640	639	
4	607	608	641	640	
4	608	609	642	641	
4	609	610	643	642	
4	610	611	644	643	
4	611	612	645	644	
4	612	613	646	645	
4	613	614	647	646	
4	614	615	648	647	
4	615	616	649	648	
4	616	617	650	649	
4	617	618	651	650	
4	618	619	652	651	
4	619	620	653	652	
4	620	621	654	653	
4	621	622	655	654	
4	622	623	656	655	
4	623	624	657	656	
4	624	625	658	657	
4	625	626	659	658	
4	627	628	661	660	
4	628	629	662	661	
4	629	630	663	662	
4	630	631	664	663	
4	631	632	665	664	
4	632	633	666	665	
4	633	634	667	666	
4	634	635	668	667	
4	635	636	669	668	
4	636	637	670	669	
4	637	638	671	670	
4	638	639	672	671	
4	639	640	673	672	
4	640	641	674	673	
4	641	642	675	674	
4	642	643	676	675	
4	643	644	677	676	
4	644	645	678	677	
4	645	646	679	678	
4	646	647	680	679	
4	647	648	681	680	
4	648	649	682	681	
4	649	650	683	682	
4	650	651	684	683	
4	651	652	685	684	
4	652	653	686	685	
4	653	654	687	686	
4	654	655	688	687	
4	655	656	689	688	
4	656	657	690	689	
4	657	658	691	690	
4	658	659	692	691	
4	660	661	694	693	
4	661	662	695	694	
4	662	663	696	695	
4	663	664	697	696	
4	664	665	698	697	
4	665	666	699	698	
4	666	667	700	699	
4	667	668	701	700	
4	668	669	702	701	
4	669	670	703	702	
4	670	671	704	703	
4	671	672	705	704	
4	672	673	706	705	
4	673	674	707	706	
4	674	675	708	707	
4	675	676	709	708	
4	676	677	710	709	
4	677	678	711	710	
4	678	679	712	711	
4	679	680	713	712	
4	680	681	714	713	
4	681	682	715	714	
4	682	683	716	715	
4	683	684	717	716	
4	684	685	718	717	
4	685	686	719	718	
4	686	687	720	719	
4	687	688	721	720	
4	688	689	722	721	
4	689	690	723	722	
4	690	691	724	723	
4	691	692	725	724	
4	693	694	727	726	
4	694	695	728	727	
4	695	696	729	728	
4	696	697	730	729	
4	697	698	731	730	
4	698	699	732	731	
4	699	700	733	732	
4	700	701	734	733	
4	701	702	735	734	
4	702	703	736	735	
4	703	704	737	736	
4	704	705	738	737	
4	705	706	739	738	
4	706	707	740	739	
4	707	708	741	740	
4	708	709	742	741	
4	709	710	743	742	
4	710	711	744	743	
4	711	712	745	744	
4	712	713	746	745	
4	713	714	747	746	
4	714	715	748	747	
4	715	716	749	748	
4	716	717	750	749	
4	717	718	751	750	
4	718	719	752	751	
4	719	720	753	752	
4	720	721	754	753	
4	721	722	755	754	
4	722	723	756	755	
4	723	724	757	756	
4	724	725	758	757	
4	726	727	760	759	
4	727	728	761	760	
4	728	729	762	761	
4	729	730	763	762	
4	730	731	764	763	
4	731	732	765	764	
4	732	733	766	765	
4	733	734	767	766	
4	734	735	768	767	
4	735	736	769	768	
4	736	737	770	769	
4	737	738	771	770	
4	738	739	772	771	
4	739	740	773	772	
4	740	741	774	773	
4	741	742	775	774	
4	742	743	776	775	
4	743	744	777	776	
4	744	745	778	777	
4	745	746	779	778	
4	746	747	780	779	
4	747	748	781	780	
4	748	749	782	781	
4	749	750	783	782	
4	750	751	784	783	
4	751	752	785	784	
4	752	753	786	785	
4	753	754	787	786	
4	754	755	788	787	
4	755	756	789	788	
4	756	757	790	789	
4	757	758	791	790	
4	759	760	793	792	
4	760	761	794	793	
4	761	762	795	794	
4	762	763	796	795	
4	763	764	797	796	
4	764	765	798	797	
4	765	766	799	798	
4	766	767	800	799	
4	767	768	801	800	
4	768	769	802	801	
4	769	770	803	802	
4	770	771	804	803	
4	771	772	805	804	
4	772	773	806	805	
4	773	774	807	806	
4	774	775	808	807	
4	775	776	809	808	
4	776	777	810	809	
4	777	778	811	810	
4	778	779	812	811	
4	779	780	813	812	
4	780	781	814	813	
4	781	782	815	814	
4	782	783	816	815	
4	783	784	817	816	
4	784	785	818	817	
4	785	786	819	818	
4	786	787	820	819	
4	787	788	821	820	
4	788	789	822	821	
4	789	790	823	822	
4	790	791	824	823	
4	792	793	826	825	
4	793	794	827	826	
4	794	795	828	827	
4	795	796	829	828	
4	796	797	830	829	
4	797	798	831	830	
4	798	799	832	831	
4	799	800	833	832	
4	800	801	834	833	
4	801	802	835	834	
4	802	803	836	835	
4	803	804	837	836	
4	804	805	838	837	
4	805	806	839	838	
4	806	807	840	839	
4	807	808	841	840	
4	808	809	842	841	
4	809	810	843	842	
4	810	811	844	843	
4	811	812	845	844	
4	812	813	846	845	
4	813	814	847	846	
4	814	815	848	847	
4	815	816	849	848	
4	816	817	850	849	
4	817	818	851	850	
4	818	819	852	851	
4	819	820	853	852	
4	820	821	854	853	
4	821	822	855	854	
4	822	823	856	855	
4	823	824	857	856	
4	825	826	859	858	
4	826	827	860	859	
4	827	828	861	860	
4	828	829	862	861	
4	829	830	863	862	
4	830	831	864	863	
4	831	832	865	864	
4	832	833	866	865	
4	833	834	867	866	
4	834	835	868	867	
4	835	836	869	868	
4	836	837	870	869	
4	837	838	871	870	
4	838	839	872	871	
4	839	840	873	872	
4	840	841	874	873	
4	841	842	875	874	
4	842	843	876	875	
4	843	844	877	876	
4	844	845	878	877	
4	845	846	879	878	
4	846	847	880	879	
4	847	848	881	880	
4	848	849	882	881	
4	849	850	883	882	
4	850	851	884	883	
4	851	852	885	884	
4	852	853	886	885	
4	853	854	887	886	
4	854	855	888	887	
4	855	856	889	888	
4	856	857	890	889	
4	858	859	892	891	
4	859	860	893	892	
4	860	861	894	893	
4	861	862	895	894	
4	862	863	896	895	
4	863	864	897	896	
4	864	865	898	897	
4	865	866	899	898	
4	866	867	900	899	
4	867	868	901	900	
4	868	869	902	901	
4	869	870	903	902	
4	870	871	904	903	
4	871	872	905	904	
4	872	873	906	905	
4	873	874	907	906	
4	874	875	908	907	
4	875	876	909	908	
4	876	877	910	909	
4	877	878	911	910	
4	878	879	912	911	
4	879	880	913	912	
4	880	881	914	913	
4	881	882	915	914	
4	882	883	916	915	
4	883	884	917	916	
4	884	885	918	917	
4	885	886	919	918	
4	886	887	920	919	
4	887	888	921	920	
4	888	889	922	921	
4	889	890	923	922	
4	891	892	925	924	
4	892	893	926	925	
4	893	894	927	926	
4	894	895	928	927	
4	895	896	929	928	
4	896	897	930	929	
4	897	898	931	930	
4	898	899	932	931	
4	899	900	933	932	
4	900	901	934	933	
4	901	902	935	934	
4	902	903	936	935	
4	903	904	937	936	
4	904	905	938	937	
4	905	906	939	938	
4	906	907	940	939	
4	907	908	941	940	
4	908	909	942	941	
4	909	910	943	942	
4	910	911	944	943	
4	911	912	945	944	
4	912	913	946	945	
4	913	914	947	946	
4	914	915	948	947	
4	915	916	949	948	
4	916	917	950	949	
4	917	918	951	950	
4	918	919	952	951	
4	919	920	953	952	
4	920	921	954	953	
4	921	922	955	954	
4	922	923	956	955	
4	924	925	958	957	
4	925	926	959	958	
4	926	927	960	959	
4	927	928	961	960	
4	928	929	962	961	
4	929	930	963	962	
4	930	931	964	963	
4	931	932	965	964	
4	932	933	966	965	
4	933	934	967	966	
4	934	935	968	967	
4	935	936	969	968	
4	936	937	970	969	
4	937	938	971	970	
4	938	939	972	971	
4	939	940	973	972	
4	940	941	974	973	
4	941	942	975	974	
4	942	943	976	975	
4	943	944	977	976	
4	944	945	978	977	
4	945	946	979	978	
4	946	947	980	979	
4	947	948	981	980	
4	948	949	982	981	
4	949	950	983	982	
4	950	951	984	983	
4	951	952	985	984	
4	952	953	986	985	
4	953	954	987	986	
4	954	955	988	987	
4	955	956	989	988	
4	957	958	991	990	
4	958	959	992	991	
4	959	960	993	992	
4	960	961	994	993	
4	961	962	995	994	
4	962	963	996	995	
4	963	964	997	996	
4	964	965	998	997	
4	965	966	999	998	
4	966	967	1000	999	
4	967	968	1001	1000	
4	968	969	1002	1001	
4	969	970	1003	1002	
4	970	971	1004	1003	
4	971	972	1005	1004	
4	972	973	1006	1005	
4	973	974	1007	1006	
4	974	975	1008	1007	
4	975	976	1009	1008	
4	976	977	1010	1009	
4	977	978	1011	1010	
4	978	979	1012	1011	
4	979	980	1013	1012	
4	980	981	1014	1013	
4	981	982	1015	1014	
4	982	983	1016	1015	
4	983	984	1017	1016	
4	984	985	1018	1017	
4	985	986	1019	1018	
4	986	987	1020	1019	
4	987	988	1021	1020	
4	988	989	1022	1021	
4	990	991	1024	1023	
4	991	992	1025	1024	
4	992	993	1026	1025	
4	993	994	1027	1026	
4	994	995	1028	1027	
4	995	996	1029	1028	
4	996	997	1030	1029	
4	997	998	1031	1030	
4	998	999	1032	1031	
4	999	1000	1033	1032	
4	1000	1001	1034	1033	
4	1001	1002	1035	1034	
4	1002	1003	1036	1035	
4	1003	1004	1037	1036	
4	1004	1005	1038	1037	
4	1005	1006	1039	1038	
4	1006	1007	1040	1039	
4	1007	1008	1041	1040	
4	1008	1009	1042	1041	
4	1009	1010	1043	1042	
4	1010	1011	1044	1043	
4	1011	1012	1045	1044	
4	1012	1013	1046	1045	
4	1013	1014	1047	1046	
4	1014	1015	1048	1047	
4	1015	1016	1049	1048	
4	1016	1017	1050	1049	
4	1017	1018	1051	1050	
4	1018	1019	1052	1051	
4	1019	1020	1053	1052	
4	1020	1021	1054	1053	
4	1021	1022	1055	1054	
4	1023	1024	1057	1056	
4	1024	1025	1058	1057	
4	1025	1026	1059	1058	
4	1026	1027	1060	1059	
4	1027	1028	1061	1060	
4	1028	1029	1062	1061	
4	1029	1030	1063	1062	
4	1030	1031	1064	1063	
4	1031	1032	1065	1064	
4	1032	1033	1066	1065	
4	1033	1034	1067	1066	
4	1034	1035	1068	1067	
4	1035	1036	1069	1068	
4	1036	1037	1070	1069	
4	1037	1038	1071	1070	
4	1038	1039	1072	1071	
4	1039	1040	1073	1072	
4	1040	1041	1074	1073	
4	1041	1042	1075	1074	
4	1042	1043	1076	1075	
4	1043	1044	1077	1076	
4	1044	1045	1078	1077	
4	1045	1046	1079	1078	
4	1046	1047	1080	1079	
4	1047	1048	1081	1080	
4	1048	1049	1082	1081	
4	1049	1050	1083	1082	
4	1050	1051	1084	1083	
4	1051	1052	1085	1084	
4	1052	1053	1086	1085	
4	1053	1054	1087	1086	
4	1054	1055	1088	1087	
